date,calls,p_c_ratio,puts,total
2006-11-01,1401036,0.91,1271445,2672481
2006-11-02,1348240,0.9,1218592,2566832
2006-11-03,1317371,0.91,1197794,2515165
2006-11-06,1260832,0.76,960752,2221584
2006-11-07,1463685,0.79,1158790,2622475
2006-11-08,1587664,0.78,1232542,2820206
2006-11-09,1539157,0.84,1288147,2827304
2006-11-10,905032,1.06,956168,1861200
2006-11-13,1494150,0.8,1189949,2684099
2006-11-14,1846023,0.82,1520119,3366142
2006-11-15,2208209,0.83,1824591,4032800
2006-11-16,2214135,0.78,1730471,3944606
2006-11-17,2348986,0.78,1839045,4188031
2006-11-20,1651762,0.86,1421412,3073174
2006-11-21,1472749,1.03,1522583,2995332
2006-11-22,1228962,0.89,1090750,2319712
2006-11-24,561132,1.06,593574,1154706
2006-11-27,1571914,1.27,2003376,3575290
2006-11-28,1354590,0.93,1263784,2618374
2006-11-29,1857385,0.67,1250537,3107922
2006-11-30,1500118,0.77,1159950,2660068
2006-12-01,1499093,0.91,1366324,2865417
2006-12-04,1478450,0.86,1277799,2756249
2006-12-05,1485668,0.76,1129441,2615109
2006-12-06,1473185,0.84,1240695,2713880
2006-12-07,1542127,0.89,1375974,2918101
2006-12-08,1353050,0.79,1062727,2415777
2006-12-11,1450643,0.72,1047608,2498251
2006-12-12,1596455,0.96,1533346,3129801
2006-12-13,1631636,0.87,1426591,3058227
2006-12-14,2444953,0.61,1490941,3935894
2006-12-15,2271000,0.74,1669244,3940244
2006-12-18,1652162,1.09,1807227,3459389
2006-12-19,1536358,0.96,1477289,3013647
2006-12-20,1157975,0.85,982895,2140870
2006-12-21,1581942,0.79,1250630,2832572
2006-12-22,848222,1.11,937418,1785640
2006-12-26,761271,0.84,638977,1400248
2006-12-27,914755,0.85,777062,1691817
2006-12-28,931280,0.96,893310,1824590
2006-12-29,1050707,0.88,923895,1974602
2007-01-03,1660954,0.87,1444024,3104978
2007-01-04,1604704,0.82,1315635,2920339
2007-01-05,1579147,0.9,1417792,2996939
2007-01-08,1363540,0.86,1170294,2533834
2007-01-09,1648779,0.79,1301831,2950610
2007-01-10,1789372,0.81,1447992,3237364
2007-01-11,1999245,0.72,1429825,3429070
2007-01-12,1686235,0.75,1267849,2954084
2007-01-16,1828540,0.89,1623049,3451589
2007-01-17,1673854,0.88,1471531,3145385
2007-01-18,2004905,0.9,1807672,3812577
2007-01-19,2202162,0.84,1851869,4054031
2007-01-22,1678419,0.97,1623684,3302103
2007-01-23,1654066,0.91,1502618,3156684
2007-01-24,1537920,0.85,1306562,2844482
2007-01-25,1479982,1.2,1775020,3255002
2007-01-26,1327287,0.98,1305700,2632987
2007-01-29,1246829,0.98,1221091,2467920
2007-01-30,1188187,0.94,1111370,2299557
2007-01-31,1552672,0.78,1216853,2769525
2007-02-01,1450209,0.84,1218451,2668660
2007-02-02,1187680,0.98,1160948,2348628
2007-02-05,1132440,0.82,929741,2062181
2007-02-06,1303169,0.85,1110139,2413308
2007-02-07,1289276,0.87,1124059,2413335
2007-02-08,1436418,0.85,1226322,2662740
2007-02-09,1762293,0.93,1637746,3400039
2007-02-12,1378759,1.18,1628155,3006914
2007-02-13,1552494,0.96,1490951,3043445
2007-02-14,2100587,0.96,2018594,4119181
2007-02-15,2013070,0.76,1538575,3551645
2007-02-16,1829494,0.84,1538848,3368342
2007-02-20,1636438,0.96,1576325,3212763
2007-02-21,1380656,1.12,1552464,2933120
2007-02-22,1523695,1.04,1584067,3107762
2007-02-23,1211834,1.38,1667076,2878910
2007-02-26,1361830,1.03,1399071,2760901
2007-02-27,2508316,1.68,4213744,6722060
2007-02-28,2205307,1.1,2415829,4621136
2007-03-01,2072059,1.4,2897151,4969210
2007-03-02,1818811,1.32,2395656,4214467
2007-03-05,1933346,1.65,3198236,5131582
2007-03-06,1847766,1.24,2299925,4147691
2007-03-07,1591376,1.18,1881153,3472529
2007-03-08,1756579,1.02,1789698,3546277
2007-03-09,1479299,1.16,1711176,3190475
2007-03-12,1666046,1.06,1764909,3430955
2007-03-13,2012801,1.42,2863876,4876677
2007-03-14,2360028,1.61,3791786,6151814
2007-03-15,2089320,1.15,2393305,4482625
2007-03-16,1764720,1.23,2174022,3938742
2007-03-19,1866280,0.81,1502930,3369210
2007-03-20,1649710,0.95,1560053,3209763
2007-03-21,2110135,1.13,2378756,4488891
2007-03-22,1839774,0.93,1715206,3554980
2007-03-23,1308608,0.93,1211766,2520374
2007-03-26,1287644,1,1282157,2569801
2007-03-27,1225513,0.99,1208377,2433890
2007-03-28,1443769,1.36,1956363,3400132
2007-03-29,1308741,1.18,1538534,2847275
2007-03-30,1369882,1.2,1646570,3016452
2007-04-02,1275224,0.84,1073586,2348810
2007-04-03,1480516,1.13,1669716,3150232
2007-04-04,1207446,1.05,1262994,2470440
2007-04-05,1687885,0.76,1289652,2977537
2007-04-09,1394666,0.78,1092867,2487533
2007-04-10,1304539,1.14,1489790,2794329
2007-04-11,1561224,1,1557652,3118876
2007-04-12,1491336,1.03,1538615,3029951
2007-04-13,1515785,0.96,1456641,2972426
2007-04-16,2302495,0.84,1937839,4240334
2007-04-17,2107264,0.9,1899187,4006451
2007-04-18,2228220,0.81,1806247,4034467
2007-04-19,2308528,0.93,2141962,4450490
2007-04-20,2610471,0.75,1958980,4569451
2007-04-23,1904395,0.91,1731520,3635915
2007-04-24,1665248,1.21,2010558,3675806
2007-04-25,2110701,0.82,1723415,3834116
2007-04-26,2218234,0.83,1840148,4058382
2007-04-27,1582657,1.01,1591292,3173949
2007-04-30,1726423,0.97,1677966,3404389
2007-05-01,1601286,1.15,1840952,3442238
2007-05-02,1777988,0.81,1447678,3225666
2007-05-03,1668569,0.89,1483835,3152404
2007-05-04,1978695,0.84,1654772,3633467
2007-05-07,1768608,0.7,1245060,3013668
2007-05-08,1631285,1,1626606,3257891
2007-05-09,2275839,0.74,1685248,3961087
2007-05-10,1734204,1.1,1916163,3650367
2007-05-11,1650683,0.95,1563338,3214021
2007-05-14,2122927,0.88,1868575,3991502
2007-05-15,2129921,0.92,1962674,4092595
2007-05-16,2111979,1.03,2171041,4283020
2007-05-17,2256771,0.77,1744203,4000974
2007-05-18,2307626,0.98,2262705,4570331
2007-05-21,2032923,0.95,1936799,3969722
2007-05-22,1682733,1.2,2026856,3709589
2007-05-23,1761595,0.99,1747906,3509501
2007-05-24,1656461,1.14,1894170,3550631
2007-05-25,1207772,1.03,1249874,2457646
2007-05-29,1190351,0.91,1081372,2271723
2007-05-30,1580986,0.92,1462017,3043003
2007-05-31,1873031,0.93,1743700,3616731
2007-06-01,1599149,0.89,1426097,3025246
2007-06-04,1413817,0.9,1271975,2685792
2007-06-05,2021287,0.98,1986997,4008284
2007-06-06,1802120,1.12,2017781,3819901
2007-06-07,2207154,1.24,2743070,4950224
2007-06-08,1799500,1.13,2034080,3833580
2007-06-11,1649814,1.08,1785555,3435369
2007-06-12,2127683,1.09,2314279,4441962
2007-06-13,1935238,0.97,1870786,3806024
2007-06-14,2434800,0.79,1931739,4366539
2007-06-15,2374754,1.03,2453341,4828095
2007-06-18,1569057,0.93,1453013,3022070
2007-06-19,1495023,0.88,1312911,2807934
2007-06-20,1720030,1.06,1817564,3537594
2007-06-21,1526863,0.98,1501684,3028547
2007-06-22,1481114,1.03,1523771,3004885
2007-06-25,1328720,1.14,1515516,2844236
2007-06-26,1383891,1.13,1560031,2943922
2007-06-27,2111727,0.84,1784387,3896114
2007-06-28,1495587,0.89,1325286,2820873
2007-06-29,1608390,1.03,1649983,3258373
2007-07-02,1226268,0.85,1045963,2272231
2007-07-03,967089,0.93,900204,1867293
2007-07-05,1361094,0.89,1214916,2576010
2007-07-06,1407539,0.87,1219442,2626981
2007-07-09,1449434,0.8,1161908,2611342
2007-07-10,1867818,1,1875284,3743102
2007-07-11,1877758,0.89,1678505,3556263
2007-07-12,2479170,0.77,1898573,4377743
2007-07-13,2050640,0.93,1914384,3965024
2007-07-16,1980160,0.83,1647187,3627347
2007-07-17,2048486,0.92,1890052,3938538
2007-07-18,2257450,1.1,2477106,4734556
2007-07-19,2720952,0.8,2183025,4903977
2007-07-20,2840614,1.22,3467362,6307976
2007-07-23,1902662,0.81,1550012,3452674
2007-07-24,2076273,1.47,3046589,5122862
2007-07-25,2252775,1.05,2375778,4628553
2007-07-26,2758587,1.52,4192524,6951111
2007-07-27,2240328,1.41,3148306,5388634
2007-07-30,2371270,1.16,2746403,5117673
2007-07-31,2400553,1.27,3038430,5438983
2007-08-01,2360170,1.35,3188330,5548500
2007-08-02,2075042,1.1,2285792,4360834
2007-08-03,2088338,1.44,3017608,5105946
2007-08-06,2467163,1.28,3167555,5634718
2007-08-07,2418983,1.06,2552720,4971703
2007-08-08,2896492,1.01,2914587,5811079
2007-08-09,2496152,1.13,2813961,5310113
2007-08-10,2904177,1.11,3235014,6139191
2007-08-13,2186225,1.02,2224310,4410535
2007-08-14,2020656,1.4,2826767,4847423
2007-08-15,2364789,1.49,3514506,5879295
2007-08-16,3691488,1.5,5553244,9244732
2007-08-17,3090275,1.24,3826832,6917107
2007-08-20,1879991,0.91,1706655,3586646
2007-08-21,1851935,0.9,1675379,3527314
2007-08-22,1853957,1.09,2027300,3881257
2007-08-23,1493203,1.15,1710726,3203929
2007-08-24,1457568,1.06,1547173,3004741
2007-08-27,1276699,1,1270368,2547067
2007-08-28,1573088,1.29,2031713,3604801
2007-08-29,1509961,0.96,1445889,2955850
2007-08-30,1329158,0.93,1235745,2564903
2007-08-31,1212841,1.06,1281216,2494057
2007-09-04,1662773,1.07,1775664,3438437
2007-09-05,1615736,1.12,1815760,3431496
2007-09-06,1351329,0.88,1184533,2535862
2007-09-07,1568479,1.18,1857758,3426237
2007-09-10,1409855,1.15,1619725,3029580
2007-09-11,1478336,1.06,1563400,3041736
2007-09-12,1591179,0.87,1378521,2969700
2007-09-13,1477546,1.03,1523092,3000638
2007-09-14,1325023,1.1,1450942,2775965
2007-09-17,1549928,1.03,1592918,3142846
2007-09-18,2473391,1.03,2556659,5030050
2007-09-19,2973604,0.96,2858688,5832292
2007-09-20,2438279,1.01,2471582,4909861
2007-09-21,2386971,0.85,2028640,4415611
2007-09-24,1959485,0.84,1639492,3598977
2007-09-25,1562090,1.13,1768803,3330893
2007-09-26,1847762,0.87,1603907,3451669
2007-09-27,1518767,0.85,1293724,2812491
2007-09-28,1451701,1.1,1596917,3048618
2007-10-01,1733927,0.88,1527582,3261509
2007-10-02,1715630,0.99,1692175,3407805
2007-10-03,1483727,0.82,1221845,2705572
2007-10-04,1734341,0.72,1254195,2988536
2007-10-05,1899053,0.78,1483412,3382465
2007-10-08,1281945,0.82,1045352,2327297
2007-10-09,1913872,0.81,1549053,3462925
2007-10-10,1814479,0.89,1605987,3420466
2007-10-11,2594140,0.9,2345297,4939437
2007-10-12,2124666,0.78,1649421,3774087
2007-10-15,2209135,0.8,1760603,3969738
2007-10-16,2124954,0.96,2033318,4158272
2007-10-17,2708960,0.95,2560971,5269931
2007-10-18,2673859,0.77,2064460,4738319
2007-10-19,2902135,1.16,3360042,6262177
2007-10-22,2051796,1.01,2068175,4119971
2007-10-23,1996534,0.96,1918568,3915102
2007-10-24,2187512,0.98,2153667,4341179
2007-10-25,1729799,1.09,1884352,3614151
2007-10-26,2190850,0.82,1801878,3992728
2007-10-29,1735122,0.92,1588615,3323737
2007-10-30,1587893,1.16,1848007,3435900
2007-10-31,2363853,0.77,1825071,4188924
2007-11-01,2297684,0.96,2212177,4509861
2007-11-02,2146378,1.14,2442717,4589095
2007-11-05,2081169,1.03,2137448,4218617
2007-11-06,2400945,0.98,2360584,4761529
2007-11-07,2457307,1.06,2594877,5052184
2007-11-08,3264406,1.22,3986145,7250551
2007-11-09,2523811,1.08,2724456,5248267
2007-11-12,3087439,0.92,2851859,5939298
2007-11-13,2752242,1.19,3288060,6040302
2007-11-14,2498042,0.91,2275981,4774023
2007-11-15,2317468,1.31,3025645,5343113
2007-11-16,2392211,1.27,3027449,5419660
2007-11-19,1922033,1.11,2140068,4062101
2007-11-20,2321395,1.12,2592069,4913464
2007-11-21,1977466,1.23,2427132,4404598
2007-11-23,795687,0.89,706815,1502502
2007-11-26,1732807,0.98,1694788,3427595
2007-11-27,2520519,0.82,2069101,4589620
2007-11-28,2334390,0.9,2095454,4429844
2007-11-29,1551099,0.89,1376463,2927562
2007-11-30,1818871,1.06,1936788,3755659
2007-12-03,1264675,0.83,1049542,2314217
2007-12-04,1450033,1.08,1562495,3012528
2007-12-05,1644664,0.89,1465795,3110459
2007-12-06,1848774,0.88,1634921,3483695
2007-12-07,1550360,0.99,1532965,3083325
2007-12-10,1683617,0.96,1623076,3306693
2007-12-11,2242063,1.1,2468697,4710760
2007-12-12,2044421,0.99,2016508,4060929
2007-12-13,1778520,1.06,1882324,3660844
2007-12-14,1591550,1.06,1685050,3276600
2007-12-17,2025168,1.11,2255837,4281005
2007-12-18,2411238,1.04,2512238,4923476
2007-12-19,2052220,1.14,2339611,4391831
2007-12-20,3552303,0.68,2413979,5966282
2007-12-21,4053216,0.59,2383960,6437176
2007-12-24,1013523,0.89,906263,1919786
2007-12-26,1399332,0.9,1253953,2653285
2007-12-27,1338823,0.98,1310913,2649736
2007-12-28,1267041,0.97,1225127,2492168
2007-12-31,1270401,1.05,1328315,2598716
2008-01-02,1761010,1.16,2041037,3802047
2008-01-03,1851093,1.01,1867378,3718471
2008-01-04,2952136,1.05,3092837,6044973
2008-01-07,2136175,1.04,2212817,4348992
2008-01-08,2284272,1.47,3359739,5644011
2008-01-09,2896332,1.15,3324989,6221321
2008-01-10,2632780,0.97,2557770,5190550
2008-01-11,2414054,0.93,2237896,4651950
2008-01-14,2233276,0.95,2115486,4348762
2008-01-15,2581502,1.25,3226813,5808315
2008-01-16,3236710,1.19,3866053,7102763
2008-01-17,3083251,1.5,4634596,7717847
2008-01-18,3008991,1.34,4035964,7044955
2008-01-22,2704708,1.18,3191597,5896305
2008-01-23,3377162,1.13,3821662,7198824
2008-01-24,2785515,0.88,2459444,5244959
2008-01-25,2182988,1.06,2310709,4493697
2008-01-28,1783623,0.92,1640707,3424330
2008-01-29,1989846,0.9,1799552,3789398
2008-01-30,2520702,0.81,2050033,4570735
2008-01-31,2328210,0.96,2239673,4567883
2008-02-01,2674724,0.81,2161350,4836074
2008-02-04,1721043,0.94,1624499,3345542
2008-02-05,1942645,1.15,2230010,4172655
2008-02-06,1830066,1.06,1945822,3775888
2008-02-07,2271611,1.12,2543076,4814687
2008-02-08,1753631,1.13,1979157,3732788
2008-02-11,1946600,0.96,1867187,3813787
2008-02-12,2431888,1.13,2758945,5190833
2008-02-13,2048760,0.97,1993162,4041922
2008-02-14,2202114,1.01,2214076,4416190
2008-02-15,2084809,1.15,2395698,4480507
2008-02-19,1937409,1.01,1955385,3892794
2008-02-20,1819543,0.85,1548141,3367684
2008-02-21,1637538,0.96,1574931,3212469
2008-02-22,1629710,1.15,1869833,3499543
2008-02-25,1657605,0.93,1535329,3192934
2008-02-26,1992955,1.07,2122609,4115564
2008-02-27,1579681,1.09,1722851,3302532
2008-02-28,1486156,1.24,1837496,3323652
2008-02-29,1837915,1.28,2360633,4198548
2008-03-03,1617613,1.23,1991760,3609373
2008-03-04,2055038,1.18,2433553,4488591
2008-03-05,1727185,1.14,1964830,3692015
2008-03-06,1850918,1.27,2358928,4209846
2008-03-07,2200544,1.24,2721965,4922509
2008-03-10,1902690,1.49,2829862,4732552
2008-03-11,2497931,1.11,2773999,5271930
2008-03-12,2013286,1.11,2232648,4245934
2008-03-13,2311685,1.21,2790771,5102456
2008-03-14,2507256,1.42,3548106,6055362
2008-03-17,2705098,1.49,4020737,6725835
2008-03-18,3055336,1,3043975,6099311
2008-03-19,2958353,1.21,3568820,6527173
2008-03-20,2811836,1.11,3115757,5927593
2008-03-24,2564163,0.82,2094661,4658824
2008-03-25,1902462,0.96,1827834,3730296
2008-03-26,1915178,1.03,1971090,3886268
2008-03-27,1599471,1.14,1818867,3418338
2008-03-28,1294049,1.17,1519775,2813824
2008-03-31,1406172,1.02,1429392,2835564
2008-04-01,2521623,0.9,2262519,4784142
2008-04-02,1962400,1.05,2068129,4030529
2008-04-03,1561283,1.05,1632757,3194040
2008-04-04,1771288,1.19,2099602,3870890
2008-04-07,1945007,0.97,1888625,3833632
2008-04-08,1384919,1.13,1564718,2949637
2008-04-09,1645672,1.16,1908785,3554457
2008-04-10,1770675,0.98,1736479,3507154
2008-04-11,1916268,1.29,2469232,4385500
2008-04-14,1793297,1.02,1822824,3616121
2008-04-15,1849215,1.06,1961981,3811196
2008-04-16,2710201,0.92,2491670,5201871
2008-04-17,2415940,0.93,2237600,4653540
2008-04-18,3324355,0.82,2739534,6063889
2008-04-21,1927847,0.94,1818869,3746716
2008-04-22,1958692,1.07,2092229,4050921
2008-04-23,1760748,0.95,1667779,3428527
2008-04-24,2254922,0.9,2024959,4279881
2008-04-25,1831331,0.91,1658157,3489488
2008-04-28,1537678,0.96,1482043,3019721
2008-04-29,1579094,1.08,1699474,3278568
2008-04-30,1867904,0.92,1710990,3578894
2008-05-01,2345523,0.93,2184145,4529668
2008-05-02,2236089,0.9,2004240,4240329
2008-05-05,1960506,0.89,1746560,3707066
2008-05-06,2461942,0.82,2014182,4476124
2008-05-07,2288210,1.02,2343893,4632103
2008-05-08,1897836,0.89,1681147,3578983
2008-05-09,1868316,0.92,1727192,3595508
2008-05-12,2125108,0.86,1836776,3961884
2008-05-13,2381602,0.79,1872225,4253827
2008-05-14,2810896,0.8,2253578,5064474
2008-05-15,2695270,0.77,2080746,4776016
2008-05-16,2806011,0.86,2406326,5212337
2008-05-19,2429897,0.85,2077129,4507026
2008-05-20,1992388,1.08,2161548,4153936
2008-05-21,2153622,1.18,2543592,4697214
2008-05-22,1768229,0.97,1708172,3476401
2008-05-23,1887208,1.05,1977541,3864749
2008-05-27,1535347,0.94,1443538,2978885
2008-05-28,1720915,0.81,1401826,3122741
2008-05-29,2111308,0.85,1800634,3911942
2008-05-30,1567110,0.84,1308652,2875762
2008-06-02,1800527,1.07,1933125,3733652
2008-06-03,1942397,1.16,2256075,4198472
2008-06-04,1848081,1.08,1994928,3843009
2008-06-05,2293513,0.97,2232171,4525684
2008-06-06,2712935,1.14,3081066,5794001
2008-06-09,2718434,0.95,2585836,5304270
2008-06-10,2298118,0.96,2207915,4506033
2008-06-11,2486521,1.14,2824407,5310928
2008-06-12,2591157,0.97,2502503,5093660
2008-06-13,2511439,0.91,2281325,4792764
2008-06-16,2353202,0.93,2193751,4546953
2008-06-17,2091202,0.99,2078539,4169741
2008-06-18,2610486,1.12,2911208,5521694
2008-06-19,3120254,0.99,3074235,6194489
2008-06-20,2890319,1.32,3826049,6716368
2008-06-23,2358522,0.87,2042193,4400715
2008-06-24,2147469,0.99,2128546,4276015
2008-06-25,2514038,0.86,2156044,4670082
2008-06-26,2721503,1.15,3131671,5853174
2008-06-27,2364255,1.13,2672009,5036264
2008-06-30,2301144,1.09,2512749,4813893
2008-07-01,2949722,1.02,3008117,5957839
2008-07-02,2695093,1.08,2921430,5616523
2008-07-03,1694969,1.2,2040615,3735584
2008-07-07,2664358,1.21,3211867,5876225
2008-07-08,3100310,1.02,3154467,6254777
2008-07-09,2564370,1.01,2581773,5146143
2008-07-10,2830282,1.06,2988158,5818440
2008-07-11,3476798,1.15,3991267,7468065
2008-07-14,2806697,1.16,3249248,6055945
2008-07-15,3876457,1.16,4478235,8354692
2008-07-16,3821441,0.93,3536911,7358352
2008-07-17,4502726,0.86,3891731,8394457
2008-07-18,3214833,0.93,2976951,6191784
2008-07-21,2459621,0.88,2159101,4618722
2008-07-22,2892322,0.91,2626525,5518847
2008-07-23,3440373,0.9,3091726,6532099
2008-07-24,2590221,1.05,2722515,5312736
2008-07-25,2051072,0.85,1739685,3790757
2008-07-28,1844686,1.06,1964466,3809152
2008-07-29,2481409,0.86,2121839,4603248
2008-07-30,2742855,0.87,2392443,5135298
2008-07-31,2362064,0.95,2244958,4607022
2008-08-01,2627961,0.99,2613905,5241866
2008-08-04,2018736,0.97,1965156,3983892
2008-08-05,2861386,0.77,2189789,5051175
2008-08-06,2445915,0.94,2310872,4756787
2008-08-07,2118861,1.05,2225345,4344206
2008-08-08,2566387,0.93,2391128,4957515
2008-08-11,3101556,0.86,2682444,5784000
2008-08-12,2573054,1.06,2732340,5305394
2008-08-13,2762753,1.02,2821222,5583975
2008-08-14,3006765,0.87,2607299,5614064
2008-08-15,2623564,1,2623264,5246828
2008-08-18,2022529,1.06,2153019,4175548
2008-08-19,1989968,1.13,2251044,4241012
2008-08-20,1859859,0.96,1783853,3643712
2008-08-21,1729192,0.97,1683101,3412293
2008-08-22,1528336,0.86,1318973,2847309
2008-08-25,1265610,1.12,1418681,2684291
2008-08-26,1344845,0.97,1310943,2655788
2008-08-27,1499253,0.82,1233346,2732599
2008-08-28,1894078,0.82,1560953,3455031
2008-08-29,1387600,1,1388641,2776241
2008-09-02,1979228,0.96,1909452,3888680
2008-09-03,2427885,0.86,2077482,4505367
2008-09-04,2900352,1.05,3047238,5947590
2008-09-05,2743080,1.01,2769589,5512669
2008-09-08,3112892,0.9,2787325,5900217
2008-09-09,2949829,1.12,3308363,6258192
2008-09-10,2554667,1.1,2807178,5361845
2008-09-11,3291459,1,3304254,6595713
2008-09-12,3082357,1.01,3113441,6195798
2008-09-15,2743055,1.46,3991202,6734257
2008-09-16,3718898,1.29,4810450,8529348
2008-09-17,4103422,1.37,5642200,9745622
2008-09-18,4577074,1.18,5398390,9975464
2008-09-19,4483271,0.83,3723803,8207074
2008-09-22,2398106,0.97,2327561,4725667
2008-09-23,2398300,1.04,2489929,4888229
2008-09-24,1948692,1.06,2070009,4018701
2008-09-25,2622858,0.8,2087392,4710250
2008-09-26,2123440,1.02,2162530,4285970
2008-09-29,2442442,1.36,3309833,5752275
2008-09-30,2360068,1.3,3064543,5424611
2008-10-01,2291411,0.99,2264724,4556135
2008-10-02,2433667,1.36,3320441,5754108
2008-10-03,2835945,1.1,3129571,5965516
2008-10-06,3784653,1.52,5742368,9527021
2008-10-07,3263448,1.11,3618143,6881591
2008-10-08,3458159,1.19,4101491,7559650
2008-10-09,3032396,1.35,4107450,7139846
2008-10-10,4090951,1.23,5018856,9109807
2008-10-13,3398375,0.89,3007880,6406255
2008-10-14,3388130,0.87,2958225,6346355
2008-10-15,3053829,1.13,3459021,6512850
2008-10-16,3683501,1.15,4247994,7931495
2008-10-17,3164518,0.97,3073424,6237942
2008-10-20,2240011,0.82,1827548,4067559
2008-10-21,2168188,0.89,1921811,4089999
2008-10-22,2374234,1.21,2861190,5235424
2008-10-23,2496969,1.23,3069614,5566583
2008-10-24,2036118,1.24,2517857,4553975
2008-10-27,1634275,1.17,1915973,3550248
2008-10-28,2402217,1.01,2417058,4819275
2008-10-29,2550143,0.79,2009236,4559379
2008-10-30,2145457,0.8,1710834,3856291
2008-10-31,2053251,0.96,1962401,4015652
2008-11-03,1682443,0.96,1613489,3295932
2008-11-04,2452414,0.99,2438200,4890614
2008-11-05,2313563,0.94,2167712,4481275
2008-11-06,2077251,1.33,2766781,4844032
2008-11-07,1645592,0.94,1551563,3197155
2008-11-10,1509054,1.11,1677989,3187043
2008-11-11,1788051,1.17,2090272,3878323
2008-11-12,2191785,1.18,2581426,4773211
2008-11-13,3234382,0.99,3210271,6444653
2008-11-14,2164859,1.02,2198746,4363605
2008-11-17,2048143,0.94,1921448,3969591
2008-11-18,2435487,1.08,2638209,5073696
2008-11-19,2622615,1.39,3643142,6265757
2008-11-20,3128190,1.32,4141438,7269628
2008-11-21,3401716,1.13,3829507,7231223
2008-11-24,2796665,0.74,2061654,4858319
2008-11-25,1965543,0.78,1542855,3508398
2008-11-26,2088822,0.75,1560361,3649183
2008-11-28,821156,0.88,722114,1543270
2008-12-01,1744149,1,1741802,3485951
2008-12-02,1737031,0.94,1627537,3364568
2008-12-03,1750628,1.04,1813424,3564052
2008-12-04,1806699,0.94,1696860,3503559
2008-12-05,2090858,0.92,1921369,4012227
2008-12-08,2542305,0.86,2186071,4728376
2008-12-09,2152184,0.84,1812736,3964920
2008-12-10,1917544,0.94,1808582,3726126
2008-12-11,2154813,0.98,2104443,4259256
2008-12-12,1796308,1.04,1867422,3663730
2008-12-15,1531844,1.05,1615439,3147283
2008-12-16,2553427,0.9,2304907,4858334
2008-12-17,2504374,0.84,2099560,4603934
2008-12-18,2343023,0.9,2098233,4441256
2008-12-19,2136833,0.82,1747635,3884468
2008-12-22,1400304,0.82,1142571,2542875
2008-12-23,1286756,0.71,910499,2197255
2008-12-24,443244,0.81,358654,801898
2008-12-26,616089,0.79,487505,1103594
2008-12-29,1141997,0.94,1070815,2212812
2008-12-30,1228168,0.82,1011724,2239892
2008-12-31,1390116,0.8,1117527,2507643
2009-01-02,1668784,0.94,1576585,3245369
2009-01-05,2003815,0.83,1666002,3669817
2009-01-06,2399854,0.8,1930082,4329936
2009-01-07,1826112,1.13,2067317,3893429
2009-01-08,1683364,1.07,1806532,3489896
2009-01-09,1824514,1.03,1882082,3706596
2009-01-12,1944020,1.16,2262880,4206900
2009-01-13,2279475,0.9,2052421,4331896
2009-01-14,2468599,1.13,2780230,5248829
2009-01-15,3068625,1.18,3610729,6679354
2009-01-16,2720650,0.96,2609065,5329715
2009-01-20,2435819,0.96,2348029,4783848
2009-01-21,2266169,0.93,2110196,4376365
2009-01-22,2201974,0.87,1914993,4116967
2009-01-23,2331321,0.77,1797098,4128419
2009-01-26,1944354,0.78,1513514,3457868
2009-01-27,1710354,0.78,1333508,3043862
2009-01-28,2560899,0.75,1925713,4486612
2009-01-29,1757671,0.96,1684606,3442277
2009-01-30,1772301,1.02,1804114,3576415
2009-02-02,1817648,0.81,1481186,3298834
2009-02-03,2018047,0.81,1635742,3653789
2009-02-04,1994103,0.89,1783014,3777117
2009-02-05,2454024,0.75,1831686,4285710
2009-02-06,2852962,0.71,2030351,4883313
2009-02-09,2125455,0.66,1405640,3531095
2009-02-10,2533351,0.88,2233808,4767159
2009-02-11,1789945,0.92,1650629,3440574
2009-02-12,2160130,0.9,1949976,4110106
2009-02-13,1685252,0.89,1497172,3182424
2009-02-17,2301541,1.03,2381292,4682833
2009-02-18,2241154,1.18,2647688,4888842
2009-02-19,2357336,1.14,2694873,5052209
2009-02-20,3266028,1.07,3479655,6745683
2009-02-23,2272600,0.95,2158643,4431243
2009-02-24,2391588,0.78,1877153,4268741
2009-02-25,2161738,0.85,1830474,3992212
2009-02-26,2068113,0.69,1428350,3496463
2009-02-27,2118425,0.97,2063477,4181902
2009-03-02,2509720,1.07,2682963,5192683
2009-03-03,2248283,0.95,2143416,4391699
2009-03-04,2497924,0.96,2394782,4892706
2009-03-05,2599736,1.02,2642986,5242722
2009-03-06,2728019,0.88,2391141,5119160
2009-03-09,2450255,0.73,1799334,4249589
2009-03-10,3067719,0.72,2214995,5282714
2009-03-11,2543301,0.75,1913988,4457289
2009-03-12,3150472,0.7,2219142,5369614
2009-03-13,2526750,0.71,1802179,4328929
2009-03-16,3162756,0.79,2502114,5664870
2009-03-17,3077187,0.78,2414592,5491779
2009-03-18,4501059,0.64,2899316,7400375
2009-03-19,3718130,0.77,2861375,6579505
2009-03-20,3062168,0.9,2763966,5826134
2009-03-23,3384769,0.7,2380030,5764799
2009-03-24,2487713,0.76,1886945,4374658
2009-03-25,2319595,0.85,1982077,4301672
2009-03-26,2229918,0.91,2039579,4269497
2009-03-27,1698678,0.91,1552179,3250857
2009-03-30,1878329,1.12,2101833,3980162
2009-03-31,1902548,0.82,1554798,3457346
2009-04-01,2056988,0.9,1860170,3917158
2009-04-02,3536205,0.69,2445102,5981307
2009-04-03,2333927,0.82,1925279,4259206
2009-04-06,1907727,0.95,1809174,3716901
2009-04-07,2067302,0.96,1978996,4046298
2009-04-08,1978165,0.85,1682554,3660719
2009-04-09,3387640,0.8,2699577,6087217
2009-04-13,3338169,0.67,2251176,5589345
2009-04-14,3525906,0.77,2699257,6225163
2009-04-15,2888461,0.92,2668629,5557090
2009-04-16,3806716,0.75,2860448,6667164
2009-04-17,4077768,0.72,2926524,7004292
2009-04-20,3045306,0.92,2800273,5845579
2009-04-21,2673809,0.84,2239573,4913382
2009-04-22,2852179,0.78,2218121,5070300
2009-04-23,2198216,0.9,1985409,4183625
2009-04-24,2598304,0.84,2189680,4787984
2009-04-27,2454165,0.81,1991372,4445537
2009-04-28,2050615,0.89,1830452,3881067
2009-04-29,2466675,0.78,1922184,4388859
2009-04-30,2541955,0.94,2400541,4942496
2009-05-01,1991394,0.85,1684121,3675515
2009-05-04,2886015,0.75,2159551,5045566
2009-05-05,2781652,0.71,1961162,4742814
2009-05-06,3808852,0.77,2948244,6757096
2009-05-07,3896629,0.82,3179303,7075932
2009-05-08,3394087,0.87,2962981,6357068
2009-05-11,2684679,0.86,2296183,4980862
2009-05-12,3037904,0.86,2607590,5645494
2009-05-13,3244626,0.87,2818431,6063057
2009-05-14,3178070,0.87,2758207,5936277
2009-05-15,2933034,0.8,2358335,5291369
2009-05-18,2418082,0.77,1873488,4291570
2009-05-19,2424990,0.81,1976198,4401188
2009-05-20,2897598,0.85,2473777,5371375
2009-05-21,2378198,0.97,2314980,4693178
2009-05-22,1756642,0.8,1411852,3168494
2009-05-26,2156359,0.72,1555614,3711973
2009-05-27,2210531,0.86,1893056,4103587
2009-05-28,2349561,0.76,1777183,4126744
2009-05-29,2105719,0.77,1625749,3731468
2009-06-01,3196528,0.77,2471870,5668398
2009-06-02,2296574,0.84,1934529,4231103
2009-06-03,2073014,0.96,1989986,4063000
2009-06-04,2055121,0.88,1809300,3864421
2009-06-05,2199198,0.81,1780618,3979816
2009-06-08,1781880,0.93,1660838,3442718
2009-06-09,2002996,0.87,1735983,3738979
2009-06-10,2294098,0.87,2002429,4296527
2009-06-11,2666316,0.77,2045102,4711418
2009-06-12,2162490,0.87,1880011,4042501
2009-06-15,2622871,0.81,2124700,4747571
2009-06-16,2495648,1.01,2521118,5016766
2009-06-17,2701902,1.14,3083463,5785365
2009-06-18,2553488,0.93,2375896,4929384
2009-06-19,3039973,0.86,2611502,5651475
2009-06-22,2198069,0.94,2065150,4263219
2009-06-23,1895438,1,1891697,3787135
2009-06-24,1859704,0.86,1591977,3451681
2009-06-25,1911669,0.9,1727314,3638983
2009-06-26,1587649,0.82,1308645,2896294
2009-06-29,1593878,0.78,1246053,2839931
2009-06-30,1686366,1.07,1803072,3489438
2009-07-01,1707915,0.8,1362835,3070750
2009-07-02,1688622,1.06,1786968,3475590
2009-07-06,1834610,0.87,1596389,3430999
2009-07-07,1946056,1.01,1973589,3919645
2009-07-08,2477391,1.04,2565264,5042655
2009-07-09,1678061,1.07,1787922,3465983
2009-07-10,1716943,1.07,1829114,3546057
2009-07-13,2436796,0.83,2021000,4457796
2009-07-14,2181314,0.84,1822082,4003396
2009-07-15,3777205,0.77,2897334,6674539
2009-07-16,3327790,0.75,2486844,5814634
2009-07-17,3397086,0.73,2493914,5891000
2009-07-20,2859268,0.7,1999988,4859256
2009-07-21,2094762,0.8,1671262,3766024
2009-07-22,2070802,0.98,2039485,4110287
2009-07-23,3002372,0.88,2645441,5647813
2009-07-24,1905395,0.93,1774286,3679681
2009-07-27,1857015,0.79,1466418,3323433
2009-07-28,2193751,0.81,1785367,3979118
2009-07-29,2129121,0.92,1966380,4095501
2009-07-30,3236282,0.67,2164078,5400360
2009-07-31,1873353,0.84,1578645,3451998
2009-08-03,2383429,0.76,1818409,4201838
2009-08-04,2304069,0.81,1860492,4164561
2009-08-05,2754254,0.74,2026114,4780368
2009-08-06,2341724,0.91,2126333,4468057
2009-08-07,3065672,0.73,2223701,5289373
2009-08-10,1968109,0.76,1487374,3455483
2009-08-11,2407053,0.77,1857952,4265005
2009-08-12,2248344,0.92,2079587,4327931
2009-08-13,2385440,0.78,1852313,4237753
2009-08-14,2110010,0.95,2006039,4116049
2009-08-17,2376347,0.99,2354694,4731041
2009-08-18,2200262,0.93,2042061,4242323
2009-08-19,2521133,0.97,2436330,4957463
2009-08-20,3016989,0.71,2153151,5170140
2009-08-21,3752903,0.59,2228502,5981405
2009-08-24,2685593,0.73,1954811,4640404
2009-08-25,2255185,0.81,1821032,4076217
2009-08-26,1742900,1.04,1819022,3561922
2009-08-27,2417333,0.81,1960185,4377518
2009-08-28,2476607,0.76,1886719,4363326
2009-08-31,1843940,0.89,1639192,3483132
2009-09-01,3024768,0.93,2813951,5838719
2009-09-02,2409683,0.92,2209621,4619304
2009-09-03,2148948,0.93,1996019,4144967
2009-09-04,1947920,0.89,1729961,3677881
2009-09-08,2301611,0.79,1825341,4126952
2009-09-09,2688480,0.86,2301684,4990164
2009-09-10,2472863,0.9,2235336,4708199
2009-09-11,2695840,0.88,2360414,5056254
2009-09-14,2456070,0.8,1968754,4424824
2009-09-15,3188689,0.76,2422023,5610712
2009-09-16,4365406,0.66,2898572,7263978
2009-09-17,4037949,0.78,3154884,7192833
2009-09-18,2908019,0.86,2497405,5405424
2009-09-21,2295871,0.74,1707767,4003638
2009-09-22,2244886,0.76,1705358,3950244
2009-09-23,2766176,0.89,2455522,5221698
2009-09-24,2309602,0.99,2287677,4597279
2009-09-25,1987671,0.96,1915464,3903135
2009-09-28,1302490,1,1301181,2603671
2009-09-29,1734383,0.86,1489925,3224308
2009-09-30,2049441,1.11,2284058,4333499
2009-10-01,2608190,0.97,2517287,5125477
2009-10-02,2371502,1.11,2631265,5002767
2009-10-05,1919900,0.8,1537042,3456942
2009-10-06,2558737,0.77,1980967,4539704
2009-10-07,1985991,0.78,1549024,3535015
2009-10-08,2779091,0.72,2001204,4780295
2009-10-09,2010051,0.79,1582962,3593013
2009-10-12,2113122,0.82,1738701,3851823
2009-10-13,2357442,0.81,1902799,4260241
2009-10-14,3600385,0.69,2487870,6088255
2009-10-15,3394993,0.69,2341914,5736907
2009-10-16,3458363,0.76,2632179,6090542
2009-10-19,2365893,0.9,2130163,4496056
2009-10-20,2128313,0.91,1936296,4064609
2009-10-21,2579236,0.94,2426117,5005353
2009-10-22,2379868,0.81,1932617,4312485
2009-10-23,2107199,0.85,1798548,3905747
2009-10-26,2309854,0.88,2029914,4339768
2009-10-27,2065053,1.01,2087601,4152654
2009-10-28,2662612,1.1,2933293,5595905
2009-10-29,2272050,0.84,1915997,4188047
2009-10-30,2568775,1.21,3119754,5688529
2009-11-02,2788782,1.03,2882449,5671231
2009-11-03,2125748,0.93,1975134,4100882
2009-11-04,2480290,0.82,2027552,4507842
2009-11-05,2086189,0.88,1826148,3912337
2009-11-06,2069192,1.03,2141611,4210803
2009-11-09,2509872,0.87,2193970,4703842
2009-11-10,1977101,0.83,1648400,3625501
2009-11-11,2334972,0.89,2086971,4421943
2009-11-12,2183563,0.85,1853741,4037304
2009-11-13,1776304,1.01,1793243,3569547
2009-11-16,2686118,0.84,2255596,4941714
2009-11-17,2190125,0.88,1930327,4120452
2009-11-18,2582110,0.83,2152169,4734279
2009-11-19,2609387,0.99,2594892,5204279
2009-11-20,2652695,0.91,2412609,5065304
2009-11-23,2656325,0.67,1780593,4436918
2009-11-24,1797843,0.88,1579029,3376872
2009-11-25,1689253,0.84,1426588,3115841
2009-11-27,1367987,1.05,1430200,2798187
2009-11-30,1779386,1.04,1846419,3625805
2009-12-01,2263061,0.85,1915669,4178730
2009-12-02,2071552,0.87,1795845,3867397
2009-12-03,2909220,0.67,1962587,4871807
2009-12-04,3028946,0.84,2558243,5587189
2009-12-07,1804264,0.89,1603441,3407705
2009-12-08,2476992,0.89,2216115,4693107
2009-12-09,2153989,0.95,2051674,4205663
2009-12-10,2216459,0.88,1959312,4175771
2009-12-11,2071292,0.89,1852518,3923810
2009-12-14,2321533,0.87,2025978,4347511
2009-12-15,2942427,0.75,2209707,5152134
2009-12-16,3128684,0.87,2714379,5843063
2009-12-17,3609654,0.89,3215384,6825038
2009-12-18,3005850,0.95,2864332,5870182
2009-12-21,2733202,0.62,1689014,4422216
2009-12-22,2782560,0.6,1673606,4456166
2009-12-23,1861104,0.81,1515242,3376346
2009-12-24,967455,0.7,672713,1640168
2009-12-28,1574745,0.77,1217494,2792239
2009-12-29,1518152,0.9,1359310,2877462
2009-12-30,1573941,0.77,1216013,2789954
2009-12-31,1365260,0.9,1227940,2593200
2010-01-04,2398697,0.68,1640657,4039354
2010-01-05,2684471,0.71,1910399,4594870
2010-01-06,2529387,0.69,1751705,4281092
2010-01-07,2814573,0.7,1975682,4790255
2010-01-08,2750361,0.64,1766507,4516868
2010-01-11,2863977,0.67,1923508,4787485
2010-01-12,2945058,0.8,2344426,5289484
2010-01-13,2949526,0.81,2382663,5332189
2010-01-14,2831438,0.75,2122924,4954362
2010-01-15,3356352,0.82,2764283,6120635
2010-01-19,2779050,0.73,2020359,4799409
2010-01-20,2414531,0.94,2267676,4682207
2010-01-21,2941799,0.93,2743988,5685787
2010-01-22,3146103,1.07,3362639,6508742
2010-01-25,2092331,0.98,2044384,4136715
2010-01-26,2376034,0.84,2004091,4380125
2010-01-27,2385465,0.95,2264450,4649915
2010-01-28,2369524,0.8,1894715,4264239
2010-01-29,2180954,0.99,2165823,4346777
2010-02-01,2269431,0.74,1689723,3959154
2010-02-02,2230842,0.86,1914961,4145803
2010-02-03,1976341,0.84,1666540,3642881
2010-02-04,2608319,1.06,2774822,5383141
2010-02-05,2765247,1.22,3360548,6125795
2010-02-08,1625804,0.99,1617632,3243436
2010-02-09,2142663,0.98,2089595,4232258
2010-02-10,1744568,0.94,1641069,3385637
2010-02-11,2221553,0.88,1960424,4181977
2010-02-12,1859150,0.9,1664684,3523834
2010-02-16,2419336,0.88,2121501,4540837
2010-02-17,2736540,0.92,2506257,5242797
2010-02-18,3018027,0.78,2362852,5380879
2010-02-19,2768529,0.85,2356602,5125131
2010-02-22,2207663,0.82,1816630,4024293
2010-02-23,2054603,1.04,2130473,4185076
2010-02-24,1894739,0.84,1582369,3477108
2010-02-25,1855178,1.03,1911419,3766597
2010-02-26,1665617,0.86,1438566,3104183
2010-03-01,2096413,0.95,1988635,4085048
2010-03-02,2482887,0.78,1948070,4430957
2010-03-03,2071723,0.87,1799545,3871268
2010-03-04,2011359,1,2006624,4017983
2010-03-05,2747412,0.82,2256740,5004152
2010-03-08,2087883,0.91,1904587,3992470
2010-03-09,3157911,0.68,2161369,5319280
2010-03-10,3181968,0.82,2594423,5776391
2010-03-11,2437995,0.91,2216256,4654251
2010-03-12,2460335,0.85,2088043,4548378
2010-03-15,2153391,0.79,1696748,3850139
2010-03-16,2856368,0.76,2175656,5032024
2010-03-17,3650245,0.85,3104786,6755031
2010-03-18,2874782,0.77,2218661,5093443
2010-03-19,2786377,0.97,2699631,5486008
2010-03-22,2217751,0.9,1990551,4208302
2010-03-23,2842682,0.65,1852352,4695034
2010-03-24,2124432,0.92,1947181,4071613
2010-03-25,2707152,0.84,2274366,4981518
2010-03-26,2084169,0.92,1916103,4000272
2010-03-29,1989635,0.86,1704685,3694320
2010-03-30,1743904,0.85,1486926,3230830
2010-03-31,1973539,0.84,1659493,3633032
2010-04-01,2000331,0.88,1753342,3753673
2010-04-05,1997187,0.78,1561903,3559090
2010-04-06,2633879,0.73,1927880,4561759
2010-04-07,2750713,0.9,2466701,5217414
2010-04-08,2327802,0.78,1820512,4148314
2010-04-09,2806214,0.71,1996063,4802277
2010-04-12,2839664,0.67,1905373,4745037
2010-04-13,3063537,0.72,2191257,5254794
2010-04-14,4489357,0.55,2479754,6969111
2010-04-15,4596086,0.69,3178724,7774810
2010-04-16,4809127,0.85,4091252,8900379
2010-04-19,3372612,0.89,2991782,6364394
2010-04-20,2572241,0.89,2291980,4864221
2010-04-21,2760530,0.89,2455962,5216492
2010-04-22,2963922,0.74,2206390,5170312
2010-04-23,2615745,0.71,1855543,4471288
2010-04-26,2741992,0.67,1826382,4568374
2010-04-27,3232511,0.88,2850182,6082693
2010-04-28,2675794,0.82,2198724,4874518
2010-04-29,2787131,0.72,2007057,4794188
2010-04-30,2595867,1.04,2695849,5291716
2010-05-03,2461341,0.79,1940577,4401918
2010-05-04,3505892,0.99,3457206,6963098
2010-05-05,3324904,1.13,3764876,7089780
2010-05-06,5236692,1.02,5334876,10571568
2010-05-07,4444988,1.2,5338538,9783526
2010-05-10,3287054,0.99,3255915,6542969
2010-05-11,2661256,1.07,2846182,5507438
2010-05-12,2836435,0.85,2419641,5256076
2010-05-13,2632824,0.85,2250743,4883567
2010-05-14,3372997,1.12,3767713,7140710
2010-05-17,2854257,1.01,2872301,5726558
2010-05-18,3059185,1,3067336,6126521
2010-05-19,3279732,1.37,4492914,7772646
2010-05-20,4077179,1.5,6114714,10191893
2010-05-21,4009216,1.28,5131599,9140815
2010-05-24,2341059,0.92,2163323,4504382
2010-05-25,2814533,1.11,3120420,5934953
2010-05-26,2639580,1.03,2711962,5351542
2010-05-27,2297270,1.01,2313730,4611000
2010-05-28,1748895,1.2,2099478,3848373
2010-06-01,1779981,0.9,1603475,3383456
2010-06-02,2128270,0.9,1917693,4045963
2010-06-03,1951397,1.07,2086668,4038065
2010-06-04,2306488,0.99,2274043,4580531
2010-06-07,2235451,0.97,2173462,4408913
2010-06-08,2407887,1.14,2750572,5158459
2010-06-09,2238734,1.05,2348285,4587019
2010-06-10,2325486,1,2334691,4660177
2010-06-11,1717996,1.08,1847049,3565045
2010-06-14,2026977,1.07,2178728,4205705
2010-06-15,2463124,0.84,2079726,4542850
2010-06-16,2385582,0.94,2243583,4629165
2010-06-17,2292983,0.9,2072059,4365042
2010-06-18,2460171,0.86,2124896,4585067
2010-06-21,2281108,0.91,2068837,4349945
2010-06-22,1793797,1.04,1862303,3656100
2010-06-23,1479274,1.09,1615293,3094567
2010-06-24,1852902,1.29,2399440,4252342
2010-06-25,1681874,0.89,1496902,3178776
2010-06-28,1365972,0.78,1067543,2433515
2010-06-29,2453137,1.09,2671871,5125008
2010-06-30,1837796,1.08,1983970,3821766
2010-07-01,2549874,1.24,3172426,5722300
2010-07-02,1505454,0.89,1340988,2846442
2010-07-06,1758761,1.2,2112420,3871181
2010-07-07,2013220,0.87,1744029,3757249
2010-07-08,1860427,0.81,1500177,3360604
2010-07-09,1953049,0.84,1631075,3584124
2010-07-12,1756002,0.97,1695719,3451721
2010-07-13,2939984,0.8,2356601,5296585
2010-07-14,2391481,0.91,2171222,4562703
2010-07-15,2333132,0.87,2022291,4355423
2010-07-16,2623235,1.06,2776372,5399607
2010-07-19,2187548,0.7,1537133,3724681
2010-07-20,2086238,0.84,1753597,3839835
2010-07-21,1803126,0.99,1782884,3586010
2010-07-22,2347332,0.81,1895601,4242933
2010-07-23,1795049,0.83,1493929,3288978
2010-07-26,1800110,0.95,1710519,3510629
2010-07-27,1979322,0.81,1607857,3587179
2010-07-28,1451574,0.95,1373627,2825201
2010-07-29,1745593,0.96,1668299,3413892
2010-07-30,1499824,0.8,1196280,2696104
2010-08-02,1933163,0.9,1742869,3676032
2010-08-03,1604692,0.85,1365272,2969964
2010-08-04,1763886,0.81,1434099,3197985
2010-08-05,1494374,0.94,1402809,2897183
2010-08-06,1752428,0.89,1566143,3318571
2010-08-09,1430781,0.8,1148529,2579310
2010-08-10,1663289,1,1663697,3326986
2010-08-11,2200143,1.05,2311385,4511528
2010-08-12,1987545,0.98,1939459,3927004
2010-08-13,1386582,1,1385983,2772565
2010-08-16,1595450,0.9,1439770,3035220
2010-08-17,1944301,0.97,1894310,3838611
2010-08-18,1987536,1.2,2383751,4371287
2010-08-19,2371459,0.96,2281159,4652618
2010-08-20,2354863,1.03,2423517,4778380
2010-08-23,2186732,0.71,1559604,3746336
2010-08-24,1926593,0.96,1841138,3767731
2010-08-25,1887021,1,1896176,3783197
2010-08-26,1642927,0.93,1530595,3173522
2010-08-27,1909321,0.82,1562782,3472103
2010-08-30,1229984,0.95,1171223,2401207
2010-08-31,1485801,0.91,1350734,2836535
2010-09-01,2288131,0.82,1866954,4155085
2010-09-02,1754846,0.87,1534692,3289538
2010-09-03,1932423,0.94,1819347,3751770
2010-09-07,1352888,1.31,1774949,3127837
2010-09-08,1775531,0.93,1649328,3424859
2010-09-09,1640961,1.05,1716077,3357038
2010-09-10,1572583,1.22,1921523,3494106
2010-09-13,2373690,0.81,1924363,4298053
2010-09-14,2275107,0.89,2029312,4304419
2010-09-15,2498942,0.94,2342954,4841896
2010-09-16,2550274,0.83,2105220,4655494
2010-09-17,2472494,0.9,2218335,4690829
2010-09-20,2356639,0.78,1831857,4188496
2010-09-21,2040594,0.94,1917015,3957609
2010-09-22,1831932,0.95,1744668,3576600
2010-09-23,1764344,0.93,1642363,3406707
2010-09-24,1974882,0.84,1659538,3634420
2010-09-27,1503853,0.83,1247366,2751219
2010-09-28,1672510,1,1669847,3342357
2010-09-29,1910492,0.77,1466232,3376724
2010-09-30,2103664,0.83,1754002,3857666
2010-10-01,2123533,0.76,1619199,3742732
2010-10-04,1691025,0.81,1377833,3068858
2010-10-05,2584594,0.85,2193016,4777610
2010-10-06,2166573,0.84,1826899,3993472
2010-10-07,1964663,1.05,2054364,4019027
2010-10-08,2242798,0.84,1893801,4136599
2010-10-11,2110559,0.81,1701622,3812181
2010-10-12,2171476,1.1,2395041,4566517
2010-10-13,3713441,0.73,2702291,6415732
2010-10-14,3330184,0.81,2698916,6029100
2010-10-15,3692271,0.72,2655191,6347462
2010-10-18,2384765,0.83,1984421,4369186
2010-10-19,2428496,0.92,2238485,4666981
2010-10-20,2314178,0.98,2278990,4593168
2010-10-21,2106809,0.96,2021157,4127966
2010-10-22,1731169,0.88,1530356,3261525
2010-10-25,1979659,0.9,1783402,3763061
2010-10-26,1989973,0.89,1761814,3751787
2010-10-27,2098074,0.84,1753868,3851942
2010-10-28,2089698,0.85,1778275,3867973
2010-10-29,1996294,0.89,1783942,3780236
2010-11-01,1955333,0.86,1678570,3633903
2010-11-02,2014005,0.78,1574099,3588104
2010-11-03,2394424,0.88,2118444,4512868
2010-11-04,4184965,0.76,3194904,7379869
2010-11-05,3490755,0.67,2352561,5843316
2010-11-08,2255113,0.69,1556916,3812029
2010-11-09,2732690,0.83,2279904,5012594
2010-11-10,2447230,0.71,1737829,4185059
2010-11-11,2331019,0.75,1737120,4068139
2010-11-12,2700599,1,2708339,5408938
2010-11-15,2222202,0.77,1710792,3932994
2010-11-16,3183996,0.92,2944585,6128581
2010-11-17,2476858,0.89,2199574,4676432
2010-11-18,2849309,0.81,2321750,5171059
2010-11-19,3227943,0.66,2141897,5369840
2010-11-22,2193364,0.77,1690699,3884063
2010-11-23,1971601,0.92,1818649,3790250
2010-11-24,1708333,1.05,1788396,3496729
2010-11-26,916040,0.83,762209,1678249
2010-11-29,1686008,0.96,1624693,3310701
2010-11-30,1933479,0.86,1660235,3593714
2010-12-01,2277361,0.79,1807499,4084860
2010-12-02,2706319,0.69,1860463,4566782
2010-12-03,2187635,0.76,1669874,3857509
2010-12-06,2118763,0.71,1506939,3625702
2010-12-07,2940758,0.73,2138889,5079647
2010-12-08,2277515,0.71,1609940,3887455
2010-12-09,2586022,0.69,1791441,4377463
2010-12-10,2574807,0.73,1891025,4465832
2010-12-13,3100217,0.55,1709740,4809957
2010-12-14,2612866,0.82,2139918,4752784
2010-12-15,2651190,0.66,1744342,4395532
2010-12-16,2896303,0.85,2467870,5364173
2010-12-17,2906263,0.74,2163323,5069586
2010-12-20,2366349,0.73,1730890,4097239
2010-12-21,2069347,0.7,1439066,3508413
2010-12-22,2071491,0.8,1656682,3728173
2010-12-23,1444159,0.85,1220402,2664561
2010-12-27,1167788,0.74,865931,2033719
2010-12-28,1328782,0.76,1014055,2342837
2010-12-29,1335015,0.74,985139,2320154
2010-12-30,1570262,0.7,1093640,2663902
2010-12-31,1152810,0.97,1117574,2270384
2011-01-03,2971674,0.64,1892324,4863998
2011-01-04,2782914,0.63,1750171,4533085
2011-01-05,2769254,0.69,1923553,4692807
2011-01-06,3083030,0.71,2192696,5275726
2011-01-07,2727605,0.87,2380489,5108094
2011-01-10,2145607,0.78,1669642,3815249
2011-01-11,2382716,0.83,1976117,4358833
2011-01-12,2927236,0.81,2379940,5307176
2011-01-13,2945586,0.7,2075288,5020874
2011-01-14,3829545,0.58,2207222,6036767
2011-01-18,3452294,0.71,2440940,5893234
2011-01-19,3769319,0.82,3097741,6867060
2011-01-20,3371776,0.91,3075061,6446837
2011-01-21,3500453,0.79,2770037,6270490
2011-01-24,2450958,0.73,1783728,4234686
2011-01-25,2381845,0.92,2189290,4571135
2011-01-26,2399007,0.9,2170980,4569987
2011-01-27,2284138,1,2278889,4563027
2011-01-28,2942628,1.05,3081294,6023922
2011-01-31,2112462,1,2102362,4214824
2011-02-01,3081086,0.8,2464665,5545751
2011-02-02,2281641,0.75,1715456,3997097
2011-02-03,2350966,0.86,2025414,4376380
2011-02-04,2330053,0.87,2038106,4368159
2011-02-07,2608190,0.79,2053193,4661383
2011-02-08,2222308,0.81,1791284,4013592
2011-02-09,2515441,0.85,2139620,4655061
2011-02-10,2685757,0.78,2105063,4790820
2011-02-11,2915309,0.78,2277484,5192793
2011-02-14,2358063,0.85,2007587,4365650
2011-02-15,2438286,0.82,2009888,4448174
2011-02-16,3038728,0.91,2774020,5812748
2011-02-17,3050176,0.72,2193038,5243214
2011-02-18,3104212,0.9,2805913,5910125
2011-02-22,2940603,0.96,2830499,5771102
2011-02-23,3296594,0.95,3146607,6443201
2011-02-24,2509037,0.98,2454371,4963408
2011-02-25,2250540,0.82,1850647,4101187
2011-02-28,1959816,0.83,1631427,3591243
2011-03-01,2228609,0.93,2078514,4307123
2011-03-02,2194861,0.79,1739624,3934485
2011-03-03,2274518,0.85,1944368,4218886
2011-03-04,2609972,0.79,2061385,4671357
2011-03-07,2265691,0.91,2051849,4317540
2011-03-08,2233633,0.86,1919729,4153362
2011-03-09,2016329,0.86,1725648,3741977
2011-03-10,2918823,1.03,3017604,5936427
2011-03-11,2185347,1.06,2307252,4492599
2011-03-14,2371206,0.94,2240454,4611660
2011-03-15,3822948,1.06,4048008,7870956
2011-03-16,3703915,1.18,4378326,8082241
2011-03-17,2877197,1.04,3005208,5882405
2011-03-18,2990978,0.97,2893320,5884298
2011-03-21,2694554,0.74,1989449,4684003
2011-03-22,2185785,0.76,1658913,3844698
2011-03-23,2101198,0.84,1773856,3875054
2011-03-24,2355659,0.86,2025902,4381561
2011-03-25,2599380,0.82,2124014,4723394
2011-03-28,1679475,0.83,1389805,3069280
2011-03-29,1777502,0.74,1314314,3091816
2011-03-30,2342260,0.76,1769766,4112026
2011-03-31,1896724,0.86,1633466,3530190
2011-04-01,2342142,0.9,2103664,4445806
2011-04-04,1656373,1.04,1718662,3375035
2011-04-05,2063912,0.81,1674042,3737954
2011-04-06,2245036,0.68,1536818,3781854
2011-04-07,2099698,0.88,1852606,3952304
2011-04-08,2400059,0.86,2061520,4461579
2011-04-11,1939962,0.96,1868038,3808000
2011-04-12,2500332,1.1,2741612,5241944
2011-04-13,2365387,0.87,2058078,4423465
2011-04-14,2552306,0.97,2484992,5037298
2011-04-15,2841797,0.93,2645342,5487139
2011-04-18,2434208,0.85,2070786,4504994
2011-04-19,2104079,0.89,1879352,3983431
2011-04-20,2819590,0.92,2598374,5417964
2011-04-21,2341004,0.92,2142178,4483182
2011-04-25,1603872,0.74,1187224,2791096
2011-04-26,2218030,0.86,1903053,4121083
2011-04-27,2221559,0.87,1939714,4161273
2011-04-28,2510310,0.82,2068666,4578976
2011-04-29,2291178,0.92,2102233,4393411
2011-05-02,2058930,0.83,1703154,3762084
2011-05-03,2422149,0.89,2145306,4567455
2011-05-04,2283051,1.01,2308253,4591304
2011-05-05,2539713,1.06,2691810,5231523
2011-05-06,2301163,0.97,2225311,4526474
2011-05-09,1624504,0.79,1279799,2904303
2011-05-10,1844442,0.8,1467471,3311913
2011-05-11,2068086,0.95,1973656,4041742
2011-05-12,2225101,0.86,1913775,4138876
2011-05-13,1999159,0.92,1836169,3835328
2011-05-16,2067984,0.94,1954032,4022016
2011-05-17,2323361,1.14,2656563,4979924
2011-05-18,2283280,0.96,2200458,4483738
2011-05-19,2292010,0.96,2198237,4490247
2011-05-20,2394177,1.05,2502535,4896712
2011-05-23,1902390,1.04,1972795,3875185
2011-05-24,1798131,0.8,1446080,3244211
2011-05-25,1900151,0.73,1388428,3288579
2011-05-26,1677152,0.91,1531794,3208946
2011-05-27,1957817,0.71,1390611,3348428
2011-05-31,1932344,0.76,1475997,3408341
2011-06-01,2078525,1.09,2271541,4350066
2011-06-02,1877282,1.06,1993207,3870489
2011-06-03,1797233,1.23,2201917,3999150
2011-06-06,1985793,1.11,2210217,4196010
2011-06-07,1782075,1.05,1879502,3661577
2011-06-08,2129179,1.16,2473065,4602244
2011-06-09,1714196,1.02,1749982,3464178
2011-06-10,2213798,1.17,2598062,4811860
2011-06-13,2014856,1.07,2155627,4170483
2011-06-14,2173424,1.02,2210835,4384259
2011-06-15,2537896,1.37,3486912,6024808
2011-06-16,2994874,1.12,3342571,6337445
2011-06-17,2484466,1.2,2992120,5476586
2011-06-20,1901427,0.88,1667938,3569365
2011-06-21,2223820,0.95,2104210,4328030
2011-06-22,1829626,0.84,1533857,3363483
2011-06-23,2399792,1.03,2483433,4883225
2011-06-24,1597652,1.07,1706814,3304466
2011-06-27,1859016,0.84,1570563,3429579
2011-06-28,2006558,0.9,1805224,3811782
2011-06-29,2014049,1.02,2055741,4069790
2011-06-30,2387781,0.93,2217993,4605774
2011-07-01,2551444,0.86,2206246,4757690
2011-07-05,1682662,1.11,1865556,3548218
2011-07-06,1563986,1.04,1626781,3190767
2011-07-07,2637058,0.84,2227631,4864689
2011-07-08,1831536,1.01,1852668,3684204
2011-07-11,2140973,1.15,2466479,4607452
2011-07-12,2047603,1.09,2231319,4278922
2011-07-13,2031933,1,2033104,4065037
2011-07-14,2613371,1.05,2740518,5353889
2011-07-15,2624322,1.07,2819363,5443685
2011-07-18,2280024,0.95,2154925,4434949
2011-07-19,2775004,0.67,1855931,4630935
2011-07-20,2269894,0.79,1789622,4059516
2011-07-21,2858609,0.75,2139763,4998372
2011-07-22,1978052,0.84,1670071,3648123
2011-07-25,1592718,0.91,1454637,3047355
2011-07-26,1852034,0.8,1475613,3327647
2011-07-27,2549275,1.1,2812654,5361929
2011-07-28,2213290,0.91,2022110,4235400
2011-07-29,2511161,1.17,2926502,5437663
2011-08-01,2147897,1.13,2435688,4583585
2011-08-02,2739767,1.15,3150457,5890224
2011-08-03,2885820,1.28,3692386,6578206
2011-08-04,4294741,1.3,5566687,9861428
2011-08-05,4916352,1.21,5964374,10880726
2011-08-08,4650457,1.35,6267084,10917541
2011-08-09,4022429,1.39,5591919,9614348
2011-08-10,3394972,1.21,4092883,7487855
2011-08-11,3523436,1.01,3545461,7068897
2011-08-12,2525688,1.08,2725357,5251045
2011-08-15,2359483,1.12,2635195,4994678
2011-08-16,2368771,1.05,2496109,4864880
2011-08-17,2317465,1.34,3103704,5421169
2011-08-18,3286087,1.48,4860614,8146701
2011-08-19,2751555,1.33,3666071,6417626
2011-08-22,2070584,1.09,2250543,4321127
2011-08-23,2433351,1.02,2492882,4926233
2011-08-24,1957770,1.18,2312881,4270651
2011-08-25,2074119,1.26,2618204,4692323
2011-08-26,2292438,1.17,2677983,4970421
2011-08-29,2044483,0.99,2022987,4067470
2011-08-30,1808569,1.15,2074660,3883229
2011-08-31,2232040,1.21,2691226,4923266
2011-09-01,1804555,1.08,1947890,3752445
2011-09-02,1861265,1.41,2617821,4479086
2011-09-06,2110826,1.26,2651532,4762358
2011-09-07,2236541,0.89,1999569,4236110
2011-09-08,1830014,1.13,2061503,3891517
2011-09-09,2617477,1.32,3456075,6073552
2011-09-12,2195890,1.24,2714636,4910526
2011-09-13,2080666,1.17,2436010,4516676
2011-09-14,2619629,1.04,2734250,5353879
2011-09-15,2757955,1.01,2788467,5546422
2011-09-16,3005549,1.02,3060980,6066529
2011-09-19,1966031,0.98,1930416,3896447
2011-09-20,1996076,1.11,2212932,4209008
2011-09-21,2250836,1.25,2823128,5073964
2011-09-22,3353423,1.25,4205817,7559240
2011-09-23,2397549,1.11,2669882,5067431
2011-09-26,1829481,1,1828241,3657722
2011-09-27,2087523,1.11,2324214,4411737
2011-09-28,1408537,1.43,2010925,3419462
2011-09-29,1775206,1.18,2087619,3862825
2011-09-30,2085372,1.25,2614354,4699726
2011-10-03,2332032,1.28,2991129,5323161
2011-10-04,3166381,1.18,3735881,6902262
2011-10-05,2312283,1.09,2518043,4830326
2011-10-06,2138621,1.24,2650622,4789243
2011-10-07,1992061,1.23,2441878,4433939
2011-10-10,1754559,1.35,2375733,4130292
2011-10-11,1586996,1.39,2201963,3788959
2011-10-12,2408751,1.27,3064497,5473248
2011-10-13,1764528,1.04,1840669,3605197
2011-10-14,2270626,0.97,2212881,4483507
2011-10-17,1859910,1.16,2153738,4013648
2011-10-18,2385314,1.01,2403648,4788962
2011-10-19,2336864,1.11,2602612,4939476
2011-10-20,2374288,1.35,3211518,5585806
2011-10-21,2999551,0.85,2537853,5537404
2011-10-24,2371274,0.94,2229046,4600320
2011-10-25,1874611,1.04,1955020,3829631
2011-10-26,1808400,0.99,1797077,3605477
2011-10-27,3877772,0.9,3499278,7377050
2011-10-28,2099970,0.98,2056672,4156642
2011-10-31,1466439,1.28,1871733,3338172
2011-11-01,2534918,1.34,3409242,5944160
2011-11-02,1624837,1.15,1875034,3499871
2011-11-03,1969035,1.07,2098165,4067200
2011-11-04,1613965,1.13,1822752,3436717
2011-11-07,1437878,0.99,1423303,2861181
2011-11-08,1825571,1.24,2257833,4083404
2011-11-09,2281680,1.32,3004195,5285875
2011-11-10,1692428,1.16,1958667,3651095
2011-11-11,1951136,0.93,1808174,3759310
2011-11-14,1526361,1.14,1732484,3258845
2011-11-15,1866930,1.09,2026808,3893738
2011-11-16,1912790,1.37,2613476,4526266
2011-11-17,2659661,1.28,3392055,6051716
2011-11-18,2564688,0.88,2268258,4832946
2011-11-21,1962737,1.05,2063485,4026222
2011-11-22,1661739,1.03,1715400,3377139
2011-11-23,1908852,1.26,2411085,4319937
2011-11-25,849444,1.27,1080436,1929880
2011-11-28,1674866,0.89,1486172,3161038
2011-11-29,1546823,0.96,1480447,3027270
2011-11-30,2677375,0.9,2403957,5081332
2011-12-01,1931856,0.92,1776102,3707958
2011-12-02,2105190,0.96,2019954,4125144
2011-12-05,1763252,0.96,1684089,3447341
2011-12-06,1649293,0.88,1444842,3094135
2011-12-07,1792552,0.9,1609136,3401688
2011-12-08,1835278,0.95,1744706,3579984
2011-12-09,1899404,1.18,2244845,4144249
2011-12-12,1958133,1.1,2160864,4118997
2011-12-13,2006462,1.14,2294586,4301048
2011-12-14,2266116,1.1,2484495,4750611
2011-12-15,1763492,1.22,2150139,3913631
2011-12-16,2163610,1.15,2484470,4648080
2011-12-19,1784194,0.86,1535948,3320142
2011-12-20,1907718,0.81,1552510,3460228
2011-12-21,1607350,1.05,1682690,3290040
2011-12-22,1536784,0.99,1524096,3060880
2011-12-23,1101095,0.86,946156,2047251
2011-12-27,927584,0.99,913687,1841271
2011-12-28,1089520,0.92,1005278,2094798
2011-12-29,1065062,1.08,1145460,2210522
2011-12-30,1097217,0.86,947582,2044799
2012-01-03,1975489,0.76,1509012,3484501
2012-01-04,1553406,0.97,1507428,3060834
2012-01-05,1912047,0.82,1560328,3472375
2012-01-06,1957704,0.96,1870849,3828553
2012-01-09,1692730,0.91,1545989,3238719
2012-01-10,2456540,0.8,1963450,4419990
2012-01-11,2021981,0.79,1588485,3610466
2012-01-12,2318477,0.84,1950096,4268573
2012-01-13,2731629,0.74,2015248,4746877
2012-01-17,2444346,0.83,2034550,4478896
2012-01-18,3162990,0.83,2610005,5772995
2012-01-19,3935051,0.7,2751078,6686129
2012-01-20,3406904,0.79,2698636,6105540
2012-01-23,2256984,1.07,2422554,4679538
2012-01-24,1903247,1.02,1941974,3845221
2012-01-25,2731122,0.77,2100484,4831606
2012-01-26,2476848,0.98,2426879,4903727
2012-01-27,2092473,0.88,1834954,3927427
2012-01-30,1732797,0.91,1569231,3302028
2012-01-31,1958618,0.87,1704137,3662755
2012-02-01,2562933,0.83,2120088,4683021
2012-02-02,2037368,0.87,1777927,3815295
2012-02-03,3550449,0.77,2741689,6292138
2012-02-06,1837950,0.83,1534273,3372223
2012-02-07,2656691,0.74,1953187,4609878
2012-02-08,2687184,0.83,2235417,4922601
2012-02-09,2787572,0.84,2346212,5133784
2012-02-10,2828541,1.1,3114303,5942844
2012-02-13,2235700,0.88,1961888,4197588
2012-02-14,2527772,0.96,2427922,4955694
2012-02-15,3029898,1.08,3265353,6295251
2012-02-16,3228002,0.87,2802984,6030986
2012-02-17,3253590,0.75,2443820,5697410
2012-02-21,2609561,0.86,2242467,4852028
2012-02-22,2202104,0.9,1975590,4177694
2012-02-23,2290348,0.98,2238836,4529184
2012-02-24,2349752,1.06,2500529,4850281
2012-02-27,1989683,0.9,1785271,3774954
2012-02-28,2170684,0.78,1690252,3860936
2012-02-29,2310238,1.04,2394991,4705229
2012-03-01,2199366,1,2199711,4399077
2012-03-02,2043825,0.95,1942687,3986512
2012-03-05,1817956,0.93,1695271,3513227
2012-03-06,2564605,1.05,2688881,5253486
2012-03-07,1897899,0.96,1830192,3728091
2012-03-08,2165083,0.94,2030891,4195974
2012-03-09,2384730,0.89,2128006,4512736
2012-03-12,1646945,1.06,1741728,3388673
2012-03-13,2982144,0.85,2524657,5506801
2012-03-14,3354687,0.82,2752999,6107686
2012-03-15,3491633,0.7,2446478,5938111
2012-03-16,3423691,0.77,2620148,6043839
2012-03-19,3093585,0.84,2606370,5699955
2012-03-20,2323711,0.86,2005485,4329196
2012-03-21,2642891,0.97,2557732,5200623
2012-03-22,2114929,1.07,2269288,4384217
2012-03-23,1884662,1.05,1981872,3866534
2012-03-26,2225165,1.04,2311333,4536498
2012-03-27,2185810,0.95,2080492,4266302
2012-03-28,2226653,1.02,2278510,4505163
2012-03-29,2140396,1.04,2236666,4377062
2012-03-30,2026513,0.98,1976082,4002595
2012-04-02,2078516,0.82,1709768,3788284
2012-04-03,2035791,0.93,1899476,3935267
2012-04-04,2110810,0.97,2045698,4156508
2012-04-05,2061878,0.94,1943360,4005238
2012-04-09,1778743,1.01,1797470,3576213
2012-04-10,3267042,0.97,3172402,6439444
2012-04-11,2099483,1.08,2276293,4375776
2012-04-12,2643567,0.86,2268098,4911665
2012-04-13,2264303,0.95,2160994,4425297
2012-04-16,1998125,1,2007901,4006026
2012-04-17,2407241,0.86,2076204,4483445
2012-04-18,2157755,0.99,2133765,4291520
2012-04-19,2714272,1.02,2755078,5469350
2012-04-20,2971407,0.88,2615908,5587315
2012-04-23,2143035,0.81,1729358,3872393
2012-04-24,1885032,0.89,1685703,3570735
2012-04-25,2473705,0.76,1872230,4345935
2012-04-26,2299350,0.84,1923310,4222660
2012-04-27,2062776,0.85,1749383,3812159
2012-04-30,1803243,0.87,1575700,3378943
2012-05-01,2121303,0.9,1916840,4038143
2012-05-02,1910665,1,1905435,3816100
2012-05-03,2220132,0.94,2092059,4312191
2012-05-04,2577111,1.04,2669922,5247033
2012-05-07,1841158,0.89,1630057,3471215
2012-05-08,2395004,1.13,2705308,5100312
2012-05-09,2590406,0.99,2552649,5143055
2012-05-10,2000660,1.06,2128622,4129282
2012-05-11,2106220,1.24,2606977,4713197
2012-05-14,2148922,1.24,2672056,4820978
2012-05-15,2471212,1.16,2859601,5330813
2012-05-16,2828292,1.24,3495509,6323801
2012-05-17,2992798,1.44,4304947,7297745
2012-05-18,3110453,1.33,4149813,7260266
2012-05-21,2355974,0.92,2168022,4523996
2012-05-22,2354979,1,2350915,4705894
2012-05-23,2411971,0.97,2344903,4756874
2012-05-24,2262987,0.97,2184218,4447205
2012-05-25,1529572,1.09,1664490,3194062
2012-05-29,1869296,0.96,1799569,3668865
2012-05-30,1663781,1.24,2060543,3724324
2012-05-31,2055234,1.07,2193853,4249087
2012-06-01,2759453,1.36,3739944,6499397
2012-06-04,2231907,0.97,2175702,4407609
2012-06-05,1889515,1.01,1909844,3799359
2012-06-06,2409415,1.13,2733020,5142435
2012-06-07,2576590,0.98,2512804,5089394
2012-06-08,1881807,0.96,1808642,3690449
2012-06-11, 1946611, 0.94, 1835532, 3782143
2012-06-12, 1814864, 1.14, 2072783, 3887647
2012-06-13, 1706821, 1.28, 2188107, 3894928
2012-06-14, 2333634, 1.03, 2414288, 4747922
2012-06-15, 2820539, 1.02, 2875512, 5696051
2012-06-18, 2127303, 1.00, 2134959, 4262262
2012-06-19, 2393252, 1.08, 2579643, 4972895
2012-06-20, 2237546, 0.94, 2094464, 4332010
2012-06-21, 2158830, 1.12, 2423810, 4582640
2012-06-22, 1818321, 0.99, 1800424, 3618745
2012-06-25, 1638761, 1.15, 1885640, 3524401
2012-06-26, 1415359, 1.00, 1415850, 2831209
2012-06-27, 1572784, 0.93, 1455626, 3028410
2012-06-28, 1796319, 0.98, 1760883, 3557202
2012-06-29, 2811112, 0.89, 2514475, 5325587
2012-07-02, 1464557, 1.04, 1524828, 2989385
2012-07-03, 1317887, 0.91, 1200408, 2518295
2012-07-05, 1771417, 0.86, 1529991, 3301408
2012-07-06, 1598442, 1.09, 1737045, 3335487
2012-07-09, 1460402, 0.99, 1450417, 2910819
2012-07-10, 1805647, 1.10, 1979012, 3784659
2012-07-11, 1664415, 0.96, 1596854, 3261269
2012-07-12, 2147742, 0.98, 2099552, 4247294
2012-07-13, 1889944, 1.00, 1894448, 3784392
2012-07-16, 1631794, 0.93, 1519516, 3151310
2012-07-17, 2448734, 0.84, 2067233, 4515967
2012-07-18, 2659997, 0.85, 2272088, 4932085
2012-07-19, 2719513, 0.86, 2352209, 5071722
2012-07-20, 2467025, 1.00, 2478189, 4945214
2012-07-23, 2044046, 0.84, 1725490, 3769536
2012-07-24, 2229063, 0.88, 1957875, 4186938
2012-07-25, 2067095, 0.94, 1936145, 4003240
2012-07-26, 2161241, 0.98, 2109089, 4270330
2012-07-27, 2883731, 0.89, 2552181, 5435912
2012-07-30, 1914762, 0.78, 1502577, 3417339
2012-07-31, 1747166, 0.81, 1417500, 3164666
2012-08-01, 2023480, 0.95, 1914531, 3938011
2012-08-02, 2239774, 0.93, 2078467, 4318241
2012-08-03, 2692734, 0.83, 2228117, 4920851
2012-08-06, 2146166, 0.80, 1707134, 3853300
2012-08-07, 2215632, 0.81, 1797621, 4013253
2012-08-08, 1740816, 0.80, 1391469, 3132285
2012-08-09, 1670120, 0.86, 1437537, 3107657
2012-08-10, 1466662, 0.99, 1454657, 2921319
2012-08-13, 2016196, 0.80, 1622687, 3638883
2012-08-14, 2054414, 0.82, 1691325, 3745739
2012-08-15, 1886010, 0.75, 1413450, 3299460
2012-08-16, 2890204, 0.84, 2425659, 5315863
2012-08-17, 2656658, 0.75, 1999542, 4656200
2012-08-20, 1855945, 0.99, 1846208, 3702153
2012-08-21, 2314649, 0.90, 2086042, 4400691
2012-08-22, 2086431, 0.97, 2031772, 4118203
2012-08-23, 1962309, 0.93, 1816381, 3778690
2012-08-24, 1857105, 0.85, 1581932, 3439037
2012-08-27, 1281372, 0.87, 1112470, 2393842
2012-08-28, 1210811, 0.83, 1008651, 2219462
2012-08-29, 1293876, 1.03, 1327287, 2621163
2012-08-30, 1618752, 1.06, 1718842, 3337594
2012-08-31, 1681996, 0.91, 1533939, 3215935
2012-09-04, 1534311, 0.89, 1370230, 2904541
2012-09-05, 1580294, 0.92, 1450981, 3031275
2012-09-06, 2774507, 0.86, 2389122, 5163629
2012-09-07, 3201281, 0.74, 2374549, 5575830
2012-09-10, 2224308, 0.79, 1758844, 3983152
2012-09-11, 2608995, 0.79, 2049110, 4658105
2012-09-12, 2373816, 0.74, 1767577, 4141393
2012-09-13, 3717013, 0.77, 2876329, 6593342
2012-09-14, 4169291, 0.69, 2879332, 7048623
2012-09-17, 1841018, 0.85, 1572577, 3413595
2012-09-18, 2169064, 0.79, 1709400, 3878464
2012-09-19, 2772735, 0.68, 1889304, 4662039
2012-09-20, 2634519, 0.85, 2249226, 4883745
2012-09-21, 2907639, 0.80, 2331559, 5239198
2012-09-24, 2127909, 0.79, 1688983, 3816892
2012-09-25, 2081663, 0.93, 1935551, 4017214
2012-09-26, 2162600, 0.90, 1935577, 4098177
2012-09-27, 2062277, 0.82, 1686409, 3748686
2012-09-28, 2115286, 0.99, 2104179, 4219465
2012-10-01, 1594885, 0.87, 1386482, 2981367
2012-10-02, 1789165, 0.74, 1316091, 3105256
2012-10-03, 1608386, 0.92, 1486933, 3095319
2012-10-04, 1976277, 0.81, 1594702, 3570979
2012-10-05, 2082054, 0.94, 1949923, 4031977
2012-10-08, 1232052, 0.84, 1036591, 2268643
2012-10-09, 1671049, 1.00, 1672415, 3343464
2012-10-10, 1797374, 1.00, 1800747, 3598121
2012-10-11, 1786288, 0.89, 1597612, 3383900
2012-10-12, 1750282, 1.05, 1832340, 3582622
2012-10-15, 1828164, 0.77, 1407697, 3235861
2012-10-16, 2181156, 0.81, 1762836, 3943992
2012-10-17, 2814191, 0.79, 2210413, 5024604
2012-10-18, 2627635, 0.88, 2302976, 4930611
2012-10-19, 2732595, 1.12, 3051988, 5784583
2012-10-22, 1737772, 0.94, 1639128, 3376900
2012-10-23, 2068032, 1.06, 2187800, 4255832
2012-10-24, 1609712, 0.91, 1465035, 3074747
2012-10-25, 1996301, 0.85, 1687933, 3684234
2012-10-26, 1769732, 0.99, 1755349, 3525081
2012-10-31, 1722705, 0.86, 1473767, 3196472
2012-11-01, 1852557, 0.95, 1757144, 3609701
2012-11-02, 2191801, 0.92, 2008917, 4200718
2012-11-05, 1680478, 0.81, 1363370, 3043848
2012-11-06, 1756512, 0.96, 1687464, 3443976
2012-11-07, 2310474, 1.21, 2789864, 5100338
2012-11-08, 2146804, 1.13, 2435324, 4582128
2012-11-09, 2022493, 1.17, 2361027, 4383520
2012-11-12, 1642964, 0.99, 1621859, 3264823
2012-11-13, 2234148, 0.83, 1858309, 4092457
2012-11-14, 2398085, 1.12, 2683762, 5081847
2012-11-15, 2368074, 1.24, 2937927, 5306001
2012-11-16, 2852762, 1.03, 2940709, 5793471
2012-11-19, 2460193, 0.75, 1838859, 4299052
2012-11-20, 1529703, 1.10, 1683574, 3213277
2012-11-21, 1695193, 0.86, 1464383, 3159576
2012-11-23, 1190540, 0.89, 1056862, 2247402
2012-11-26, 2109433, 0.63, 1323772, 3433205
2012-11-27, 1579097, 0.85, 1339009, 2918106
2012-11-28, 1801603, 0.83, 1500730, 3302333
2012-11-29, 2006721, 1.01, 2027922, 4034643
2012-11-30, 1522760, 1.16, 1769360, 3292120
2012-12-03, 1736492, 0.82, 1426252, 3162744
2012-12-04, 1455286, 1.04, 1516773, 2972059
2012-12-05, 1955364, 0.87, 1692751, 3648115
2012-12-06, 1544080, 0.92, 1421986, 2966066
2012-12-07, 2023914, 0.80, 1615377, 3639291
2012-12-10, 1357801, 0.90, 1224163, 2581964
2012-12-11, 1854053, 0.84, 1562827, 3416880
2012-12-12, 1853990, 0.89, 1643101, 3497091
2012-12-13, 1785566, 0.84, 1505678, 3291244
2012-12-14, 1848530, 0.89, 1644900, 3493430
2012-12-17, 1835534, 0.71, 1297902, 3133436
2012-12-18, 2776603, 0.85, 2355646, 5132249
2012-12-19, 2290281, 0.97, 2215882, 4506163
2012-12-20, 2438870, 0.86, 2087038, 4525908
2012-12-21, 2372086, 1.05, 2487759, 4859845
2012-12-24, 722992, 0.97, 701932, 1424924
2012-12-26, 1293072, 0.96, 1241836, 2534908
2012-12-27, 1712244, 1.06, 1816172, 3528416
2012-12-28, 1642696, 1.08, 1780782, 3423478
2012-12-31, 2068097, 1.02, 2118784, 4186881
2013-01-02, 2537978, 0.97, 2467062, 5005040
2013-01-03, 2328033, 0.84, 1952112, 4280145
2013-01-04, 2089689, 0.82, 1716520, 3806209
2013-01-07, 1727607, 0.89, 1538180, 3265787
2013-01-08, 1686739, 0.95, 1608435, 3295174
2013-01-09, 1733456, 0.85, 1481129, 3214585
2013-01-10, 2090163, 0.78, 1635643, 3725806
2013-01-11, 2170630, 0.72, 1570976, 3741606
2013-01-14, 1758601, 0.81, 1423372, 3181973
2013-01-15, 1788233, 1.03, 1849001, 3637234
2013-01-16, 2083405, 0.87, 1821163, 3904568
2013-01-17, 2469886, 0.79, 1945958, 4415844
2013-01-18, 2628407, 0.75, 1960682, 4589089
2013-01-22, 1979643, 0.94, 1863698, 3843341
2013-01-23, 1922458, 0.89, 1714709, 3637167
2013-01-24, 2609965, 0.88, 2291262, 4901227
2013-01-25, 2004687, 0.88, 1756044, 3760731
2013-01-28, 1510960, 0.97, 1459376, 2970336
2013-01-29, 1670772, 0.97, 1612826, 3283598
2013-01-30, 1619679, 0.95, 1533442, 3153121
2013-01-31, 1788124, 0.91, 1626289, 3414413
2013-02-01, 2238910, 0.90, 2004592, 4243502
2013-02-04, 1488351, 1.10, 1642864, 3131215
2013-02-05, 1622827, 0.95, 1537017, 3159844
2013-02-06, 1565824, 0.97, 1524992, 3090816
2013-02-07, 1537809, 1.03, 1582817, 3120626
2013-02-08, 1807221, 0.90, 1633040, 3440261
2013-02-11, 1456184, 1.07, 1563786, 3019970
2013-02-12, 1915308, 0.92, 1763256, 3678564
2013-02-13, 2161239, 0.91, 1975881, 4137120
2013-02-14, 2195807, 0.83, 1826073, 4021880
2013-02-15, 2468727, 0.88, 2181714, 4650441
2013-02-19, 1824390, 0.99, 1801827, 3626217
2013-02-20, 2040525, 1.14, 2331978, 4372503
2013-02-21, 2369158, 1.10, 2609267, 4978425
2013-02-22, 1826185, 0.90, 1648940, 3475125
2013-02-25, 2135793, 1.15, 2462076, 4597869
2013-02-26, 2555876, 1.10, 2804352, 5360228
2013-02-27, 2000981, 0.99, 1974201, 3975182
2013-02-28, 1646578, 0.98, 1617421, 3263999
2013-03-01, 1845987, 1.17, 2151416, 3997403
2013-03-04, 1387436, 1.12, 1553118, 2940554
2013-03-05, 2165050, 1.12, 2420896, 4585946
2013-03-06, 2325902, 0.71, 1654835, 3980737
2013-03-07, 1943169, 0.83, 1611572, 3554741
2013-03-08, 2467133, 0.90, 2226949, 4694082
2013-03-11, 2001360, 0.93, 1864986, 3866346
2013-03-12, 2017991, 1.08, 2180330, 4198321
2013-03-13, 1897399, 0.78, 1489265, 3386664
2013-03-14, 2574603, 0.73, 1887648, 4462251
2013-03-15, 2554013, 0.85, 2166707, 4720720
2013-03-18, 2019138, 0.91, 1831699, 3850837
2013-03-19, 2579607, 0.97, 2497969, 5077576
2013-03-20, 2565311, 0.74, 1910530, 4475841
2013-03-21, 2078191, 0.86, 1786356, 3864547
2013-03-22, 2030708, 0.92, 1859386, 3890094
2013-03-25, 2106517, 0.89, 1877337, 3983854
2013-03-26, 1532118, 0.79, 1216861, 2748979
2013-03-27, 1565764, 0.92, 1438526, 3004290
2013-03-28, 1696884, 0.90, 1519630, 3216514
2013-04-01, 1273839, 1.00, 1279193, 2553032
2013-04-02, 1774296, 0.87, 1537059, 3311355
2013-04-03, 2069119, 1.06, 2193944, 4263063
2013-04-04, 1712663, 1.09, 1868237, 3580900
2013-04-05, 2059836, 1.00, 2062333, 4122169
2013-04-08, 1432458, 0.90, 1292373, 2724831
2013-04-09, 2271588, 0.67, 1528451, 3800039
2013-04-10, 2734900, 0.85, 2333539, 5068439
2013-04-11, 2407483, 0.87, 2105816, 4513299
2013-04-12, 1940434, 1.15, 2235363, 4175797
2013-04-15, 3046385, 1.09, 3316202, 6362587
2013-04-16, 2370577, 0.88, 2089273, 4459850
2013-04-17, 2783689, 1.19, 3315498, 6099187
2013-04-18, 2484261, 1.18, 2920818, 5405079
2013-04-19, 2220637, 1.10, 2438573, 4659210
2013-04-22, 1608513, 1.03, 1652457, 3260970
2013-04-23, 2163891, 0.90, 1936817, 4100708
2013-04-24, 2119454, 0.79, 1674562, 3794016
2013-04-25, 711172, 0.97, 688582, 1399754
2013-04-26, 1714012, 0.89, 1531757, 3245769
2013-04-29, 1547283, 0.90, 1398586, 2945869
2013-04-30, 1734794, 0.89, 1535982, 3270776
2013-05-01, 1766318, 1.03, 1817496, 3583814
2013-05-02, 1878567, 0.91, 1710891, 3589458
2013-05-03, 2681357, 0.90, 2416250, 5097607
2013-05-06, 1922224, 0.78, 1492109, 3414333
2013-05-07, 1887304, 0.89, 1671308, 3558612
2013-05-08, 2119192, 0.88, 1855314, 3974506
2013-05-09, 2137305, 1.00, 2135691, 4272996
2013-05-10, 2558178, 0.75, 1907102, 4465280
2013-05-13, 1619933, 0.87, 1403149, 3023082
2013-05-14, 2697128, 0.81, 2192600, 4889728
2013-05-15, 2936519, 0.78, 2297032, 5233551
2013-05-16, 2336184, 0.99, 2302761, 4638945
2013-05-17, 3001781, 0.81, 2436915, 5438696
2013-05-20, 2199429, 0.79, 1746498, 3945927
2013-05-21, 2120907, 0.92, 1958907, 4079814
2013-05-22, 3025482, 1.03, 3120780, 6146262
2013-05-23, 2143466, 1.01, 2161243, 4304709
2013-05-24, 1618308, 1.26, 2043122, 3661430
2013-05-28, 1900262, 0.98, 1856000, 3756262
2013-05-29, 2006957, 0.86, 1720935, 3727892
2013-05-30, 1880893, 0.86, 1621548, 3502441
2013-05-31, 1937034, 1.19, 2311649, 4248683
2013-06-03, 2335581, 0.92, 2145629, 4481210
2013-06-04, 1756232, 1.16, 2032114, 3788346
2013-06-05, 2367369, 1.18, 2790396, 5157765
2013-06-06, 2442992, 1.22, 2970128, 5413120
2013-06-07, 2312473, 1.13, 2605823, 4918296
2013-06-10, 1656041, 1.08, 1787290, 3443331
2013-06-11, 1967041, 1.04, 2036870, 4003911
2013-06-12, 2026655, 1.20, 2423156, 4449811
2013-06-13, 2110924, 0.98, 2073528, 4184452
2013-06-14, 1949279, 1.19, 2313874, 4263153
2013-06-17, 2023114, 0.96, 1935515, 3958629
2013-06-18, 2228570, 0.86, 1914630, 4143200
2013-06-19, 2368032, 1.11, 2617088, 4985120
2013-06-20, 3713903, 1.39, 5161994, 8875897
2013-06-21, 3333386, 1.17, 3890037, 7223423
2013-06-24, 2710571, 1.01, 2736719, 5447290
2013-06-25, 1713712, 1.08, 1842261, 3555973
2013-06-26, 2101097, 0.85, 1795810, 3896907
2013-06-27, 2179990, 1.02, 2220337, 4400327
2013-06-28, 1945804, 0.96, 1875203, 3821007
2013-07-01, 1746566, 0.91, 1588741, 3335307
2013-07-02, 1723361, 1.04, 1793249, 3516610
2013-07-03, 1040190, 1.14, 1183925, 2224115
2013-07-05, 1876417, 0.97, 1811930, 3688347
2013-07-08, 2244854, 1.04, 2339877, 4584731
2013-07-09, 2385378, 1.01, 2418225, 4803603
2013-07-10, 2072335, 1.04, 2145013, 4217348
2013-07-11, 2574607, 1.01, 2609323, 5183930
2013-07-12, 2394181, 0.90, 2143876, 4538057
2013-07-15, 2279828, 0.83, 1888931, 4168759
2013-07-16, 2147080, 0.97, 2088378, 4235458
2013-07-17, 2362927, 0.92, 2177135, 4540062
2013-07-18, 3042113, 0.74, 2253447, 5295560
2013-07-19, 2577120, 0.79, 2043031, 4620151
2013-07-22, 1749163, 0.93, 1629702, 3378865
2013-07-23, 1854243, 0.93, 1723831, 3578074
2013-07-24, 1847299, 0.96, 1779996, 3627295
2013-07-25, 1891781, 0.96, 1814601, 3706382
2013-07-26, 1877648, 0.98, 1840072, 3717720
2013-07-29, 1437929, 0.84, 1205415, 2643344
2013-07-30, 1883542, 0.78, 1461540, 3345082
2013-07-31, 2221730, 0.88, 1953193, 4174923
2013-08-01, 2464895, 0.85, 2083016, 4547911
2013-08-02, 2204705, 0.88, 1930569, 4135274
2013-08-05, 1794760, 0.85, 1529654, 3324414
2013-08-06, 2598229, 0.90, 2331146, 4929375
2013-08-07, 1844892, 0.96, 1769826, 3614718
2013-08-08, 2192124, 0.76, 1676155, 3868279
2013-08-09, 1944895, 0.90, 1759950, 3704845
2013-08-12, 1878757, 0.77, 1438132, 3316889
2013-08-13, 2396402, 0.77, 1843140, 4239542
2013-08-14, 2310920, 0.79, 1836387, 4147307
2013-08-15, 3453028, 0.96, 3320387, 6773415
2013-08-16, 2823182, 0.93, 2638336, 5461518
2013-08-19, 2071483, 0.93, 1918344, 3989827
2013-08-20, 2165998, 0.90, 1943190, 4109188
2013-08-21, 2451137, 0.97, 2387428, 4838565
2013-08-22, 1621648, 0.82, 1337089, 2958737
2013-08-23, 1942379, 0.81, 1574042, 3516421
2013-08-26, 1653131, 0.90, 1484471, 3137602
2013-08-27, 2353318, 1.02, 2410446, 4763764
2013-08-28, 1857442, 0.81, 1503046, 3360488
2013-08-29, 1663266, 0.96, 1592320, 3255586
2013-08-30, 1682956, 1.12, 1887358, 3570314
2013-09-03, 2031875, 0.75, 1525388, 3557263
2013-09-04, 2017922, 0.77, 1555693, 3573615
2013-09-05, 1780860, 0.82, 1460131, 3240991
2013-09-06, 2278086, 0.86, 1968947, 4247033
2013-09-09, 2240516, 0.65, 1455798, 3696314
2013-09-10, 2716017, 0.76, 2074538, 4790555
2013-09-11, 2199994, 0.92, 2024435, 4224429
2013-09-12, 2150176, 0.86, 1846799, 3996975
2013-09-13, 2036239, 0.77, 1563242, 3599481
2013-09-16, 2141424, 0.91, 1950064, 4091488
2013-09-17, 2302282, 0.80, 1838553, 4140835
2013-09-18, 3748712, 0.84, 3136276, 6884988
2013-09-19, 3116272, 0.76, 2383603, 5499875
2013-09-20, 2564448, 1.05, 2692076, 5256524
2013-09-23, 1957948, 0.99, 1947670, 3905618
2013-09-24, 1973253, 0.87, 1722075, 3695328
2013-09-25, 1800270, 0.96, 1734649, 3534919
2013-09-26, 2229382, 0.70, 1568173, 3797555
2013-09-27, 2437157, 0.94, 2292596, 4729753
2013-09-30, 2179817, 1.11, 2411641, 4591458
2013-10-01, 2080660, 0.85, 1778284, 3858944
2013-10-02, 2343638, 0.77, 1807345, 4150983
2013-10-03, 2972445, 0.99, 2928202, 5900647
2013-10-04, 2264951, 0.87, 1971270, 4236221
2013-10-07, 1993121, 0.92, 1827117, 3820238
2013-10-08, 3335048, 0.97, 3241880, 6576928
2013-10-09, 2968138, 1.30, 3860555, 6828693
2013-10-10, 2964702, 0.93, 2757236, 5721938
2013-10-11, 2391492, 0.95, 2282601, 4674093
2013-10-14, 2249990, 0.90, 2026273, 4276263
2013-10-15, 2595577, 0.99, 2578893, 5174470
2013-10-16, 3097498, 0.93, 2891160, 5988658
2013-10-17, 3507716, 0.87, 3068816, 6576532
2013-10-18, 4204529, 0.69, 2921289, 7125818
2013-10-21, 2267409, 0.81, 1838483, 4105892
2013-10-22, 2569717, 0.84, 2153851, 4723568
2013-10-23, 2048287, 0.86, 1763008, 3811295
2013-10-24, 2095200, 0.81, 1705244, 3800444
2013-10-25, 1950230, 0.93, 1816621, 3766851
2013-10-28, 2077982, 0.78, 1618671, 3696653
2013-10-29, 2276551, 0.74, 1683383, 3959934
2013-10-30, 2366264, 0.98, 2327847, 4694111
2013-10-31, 1994073, 0.90, 1802932, 3797005
2013-11-01, 2032668, 0.92, 1861462, 3894130
2013-11-04, 2056385, 0.76, 1571145, 3627530
2013-11-05, 2061495, 0.78, 1612625, 3674120
2013-11-06, 1979137, 0.91, 1795418, 3774555
2013-11-07, 2921528, 0.92, 2679418, 5600946
2013-11-08, 2628332, 0.86, 2269387, 4897719
2013-11-11, 1767711, 0.82, 1448937, 3216648
2013-11-12, 2180614, 0.84, 1824902, 4005516
2013-11-13, 2327498, 0.83, 1921698, 4249196
2013-11-14, 3054648, 0.83, 2541014, 5595662
2013-11-15, 2783236, 0.75, 2075186, 4858422
2013-11-18, 2652028, 0.79, 2093380, 4745408
2013-11-19, 2427869, 0.82, 1980856, 4408725
2013-11-20, 2138368, 0.96, 2050751, 4189119
2013-11-21, 2189379, 0.79, 1722805, 3912184
2013-11-22, 2224118, 0.94, 2083428, 4307546
2013-11-25, 1933923, 0.77, 1484331, 3418254
2013-11-26, 1984675, 0.74, 1475083, 3459758
2013-11-27, 1765504, 0.81, 1423799, 3189303
2013-11-29, 1252431, 0.81, 1012181, 2264612
2013-12-02, 1950102, 0.75, 1461435, 3411537
2013-12-03, 2014302, 0.87, 1751452, 3765754
2013-12-04, 1959900, 0.89, 1743253, 3703153
2013-12-05, 2086604, 0.77, 1615651, 3702255
2013-12-06, 2209010, 0.87, 1920864, 4129874
2013-12-09, 1686535, 0.94, 1580006, 3266541
2013-12-10, 1806490, 0.76, 1369364, 3175854
2013-12-11, 2269283, 0.95, 2148999, 4418282
2013-12-12, 2539688, 0.70, 1785419, 4325107
2013-12-13, 2194706, 0.85, 1866285, 4060991
2013-12-16, 1915350, 0.80, 1533470, 3448820
2013-12-17, 2287188, 0.88, 2003754, 4290942
2013-12-18, 3231587, 0.85, 2758817, 5990404
2013-12-19, 3051246, 0.75, 2278737, 5329983
2013-12-20, 3496251, 0.75, 2639523, 6135774
2013-12-23, 2516490, 0.61, 1532962, 4049452
2013-12-24, 1426174, 0.60, 856051, 2282225
2013-12-26, 2055431, 0.65, 1342763, 3398194
2013-12-27, 2027234, 0.73, 1472238, 3499472
2013-12-30, 2070071, 0.73, 1518273, 3588344
2013-12-31, 2233369, 0.66, 1479074, 3712443
2014-01-02, 2356773, 0.82, 1934846, 4291619
2014-01-03, 2032823, 0.90, 1838415, 3871238
2014-01-06, 2347424, 0.69, 1628371, 3975795
2014-01-07, 2421152, 0.70, 1706255, 4127407
2014-01-08, 2486302, 0.71, 1763436, 4249738
2014-01-09, 2954305, 0.72, 2135214, 5089519
2014-01-10, 2819573, 0.76, 2147055, 4966628
2014-01-13, 3258277, 0.72, 2356568, 5614845
2014-01-14, 2708417, 0.68, 1834913, 4543330
2014-01-15, 3274371, 0.75, 2448907, 5723278
2014-01-16, 2767631, 0.78, 2158964, 4926595
2014-01-17, 3609754, 0.71, 2571596, 6181350
2014-01-21, 2585759, 0.76, 1959642, 4545401
2014-01-22, 2439333, 0.82, 1989706, 4429039
2014-01-23, 2819117, 0.88, 2470871, 5289988
2014-01-24, 4185051, 0.92, 3849645, 8034696
2014-01-27, 3609176, 0.87, 3141277, 6750453
2014-01-28, 2396741, 0.80, 1921637, 4318378
2014-01-29, 2604364, 0.97, 2521299, 5125663
2014-01-30, 2722420, 0.83, 2263029, 4985449
2014-01-31, 3630289, 0.86, 3106372, 6736661
2014-02-03, 4861942, 0.80, 3895893, 8757835
2014-02-04, 2872309, 0.99, 2856528, 5728837
2014-02-05, 2824173, 0.97, 2744899, 5569072
2014-02-06, 2901739, 0.92, 2666933, 5568672
2014-02-07, 3598643, 0.82, 2951719, 6550362
2014-02-10, 1971160, 0.94, 1851788, 3822948
2014-02-11, 3343496, 0.84, 2797111, 6140607
2014-02-12, 2278830, 0.85, 1935888, 4214718
2014-02-13, 2647090, 0.79, 2087018, 4734108
2014-02-14, 2971686, 0.83, 2461086, 5432772
2014-02-18, 2751493, 0.76, 2102417, 4853910
2014-02-19, 3255731, 0.90, 2931690, 6187421
2014-02-20, 2687772, 0.86, 2324852, 5012624
2014-02-21, 3065780, 0.69, 2102209, 5167989
2014-02-24, 2848832, 0.78, 2218890, 5067722
2014-02-25, 2227243, 0.83, 1847802, 4075045
2014-02-26, 2269622, 0.85, 1936671, 4206293
2014-02-27, 2123042, 0.89, 1890218, 4013260
2014-02-28, 3153477, 0.82, 2589090, 5742567
2014-03-03, 2502655, 0.90, 2249650, 4752305
2014-03-04, 2577502, 0.80, 2064655, 4642157
2014-03-05, 2103327, 0.77, 1626714, 3730041
2014-03-06, 2620063, 0.83, 2166923, 4786986
2014-03-07, 2618227, 0.82, 2155172, 4773399
2014-03-10, 2228390, 0.83, 1853100, 4081490
2014-03-11, 2309645, 0.81, 1879054, 4188699
2014-03-12, 1981277, 0.96, 1894520, 3875797
2014-03-13, 3035158, 1.04, 3155091, 6190249
2014-03-14, 3749702, 0.79, 2961912, 6711614
2014-03-17, 2356463, 0.84, 1980352, 4336815
2014-03-18, 2599446, 0.74, 1934661, 4534107
2014-03-19, 2498348, 0.82, 2056339, 4554687
2014-03-20, 2738198, 0.76, 2087008, 4825206
2014-03-21, 2869954, 0.90, 2580525, 5450479
2014-03-24, 2116657, 1.00, 2111824, 4228481
2014-03-25, 2135760, 0.75, 1609706, 3745466
2014-03-26, 2309944, 1.02, 2351531, 4661475
2014-03-27, 2315535, 0.84, 1946977, 4262512
2014-03-28, 2301319, 0.96, 2205886, 4507205
2014-03-31, 1800036, 0.96, 1732642, 3532678
2014-04-01, 2145600, 0.99, 2126869, 4272469
2014-04-02, 2444039, 0.66, 1613404, 4057443
2014-04-03, 1980600, 0.88, 1741161, 3721761
2014-04-04, 3340064, 0.94, 3152304, 6492368
2014-04-07, 2538548, 0.97, 2463497, 5002045
2014-04-08, 1921021, 0.91, 1757716, 3678737
2014-04-09, 2901826, 0.61, 1773886, 4675712
2014-04-10, 2630660, 1.03, 2716741, 5347401
2014-04-11, 3022934, 1.15, 3465170, 6488104
2014-04-14, 2864017, 0.75, 2149924, 5013941
2014-04-15, 3030723, 0.93, 2820272, 5850995
2014-04-16, 2628468, 0.91, 2383912, 5012380
2014-04-17, 2929094, 0.85, 2480817, 5409911
2014-04-21, 1759603, 0.76, 1331612, 3091215
2014-04-22, 2397852, 0.73, 1757498, 4155350
2014-04-23, 1593818, 1.01, 1603107, 3196925
2014-04-24, 2138677, 0.79, 1698038, 3836715
2014-04-25, 2159915, 1.14, 2464649, 4624564
2014-04-28, 2073873, 0.90, 1869780, 3943653
2014-04-29, 1701800, 0.90, 1531200, 3233000
2014-04-30, 1993778, 0.77, 1531455, 3525233
2014-05-01, 2345721, 0.81, 1909918, 4255639
2014-05-02, 2156770, 0.95, 2045653, 4202423
2014-05-05, 1501316, 0.87, 1307786, 2809102
2014-05-06, 1945867, 0.89, 1734641, 3680508
2014-05-07, 2213130, 0.86, 1912805, 4125935
2014-05-08, 2188526, 0.94, 2062326, 4250852
2014-05-09, 2139639, 0.94, 2008252, 4147891
2014-05-12, 3080574, 0.64, 1985866, 5066440
2014-05-13, 2176832, 0.88, 1911452, 4088284
2014-05-14, 1863383, 1.08, 2016680, 3880063
2014-05-15, 2865820, 1.01, 2894739, 5760559
2014-05-16, 2601526, 0.89, 2306096, 4907622
2014-05-19, 1778451, 0.81, 1448807, 3227258
2014-05-20, 1987033, 0.92, 1831597, 3818630
2014-05-21, 2542353, 0.87, 2223736, 4766089
2014-05-22, 1911786, 0.87, 1660438, 3572224
2014-05-23, 2345336, 0.76, 1776285, 4121621
2014-05-27, 2398371, 0.74, 1767588, 4165959
2014-05-28, 1787122, 0.90, 1599870, 3386992
2014-05-29, 2260126, 0.72, 1633140, 3893266
2014-05-30, 2229220, 0.89, 1975277, 4204497
2014-06-02, 2163061, 0.73, 1579128, 3742189
2014-06-03, 1538169, 0.95, 1454601, 2992770
2014-06-04, 2369715, 0.75, 1776373, 4146088
2014-06-05, 3176591, 0.75, 2371010, 5547601
2014-06-06, 2916167, 0.92, 2676023, 5592190
2014-06-09, 2278667, 0.83, 1896048, 4174715
2014-06-10, 2312121, 0.70, 1616764, 3928885
2014-06-11, 2043406, 0.74, 1505272, 3548678
2014-06-12, 2720956, 0.80, 2180643, 4901599
2014-06-13, 2518715, 0.77, 1934601, 4453316
2014-06-16, 2149616, 0.71, 1527398, 3677014
2014-06-17, 2410674, 0.81, 1964385, 4375059
2014-06-18, 3078065, 0.77, 2359001, 5437066
2014-06-19, 3032638, 0.68, 2055771, 5088409
2014-06-20, 3021348, 0.78, 2353481, 5374829
2014-06-23, 2019375, 0.81, 1640667, 3660042
2014-06-24, 2277954, 0.85, 1930197, 4208151
2014-06-25, 1742838, 0.87, 1510842, 3253680
2014-06-26, 1782046, 0.93, 1649945, 3431991
2014-06-27, 1809700, 0.84, 1521597, 3331297
2014-06-30, 1807029, 0.85, 1538141, 3345170
2014-07-01, 2369624, 0.92, 2174215, 4543839
2014-07-02, 1970365, 0.88, 1734083, 3704448
2014-07-03, 1595496, 1.02, 1626639, 3222135
2014-07-07, 1758610, 1.00, 1760663, 3519273
2014-07-08, 2836097, 0.90, 2538937, 5375034
2014-07-09, 1823860, 0.84, 1526445, 3350305
2014-07-10, 2069421, 1.06, 2198771, 4268192
2014-07-11, 2292128, 0.89, 2051220, 4343348
2014-07-14, 2086497, 0.88, 1837641, 3924138
2014-07-15, 2493901, 0.81, 2027927, 4521828
2014-07-16, 2720559, 0.80, 2188386, 4908945
2014-07-17, 3264203, 1.00, 3249287, 6513490
2014-07-18, 2880148, 0.91, 2613323, 5493471
2014-07-21, 1752087, 0.90, 1573545, 3325632
2014-07-22, 1998799, 0.92, 1832146, 3830945
2014-07-23, 2229242, 0.76, 1702949, 3932191
2014-07-24, 2003435, 0.91, 1821580, 3825015
2014-07-25, 2053986, 0.95, 1953980, 4007966
2014-07-28, 1708801, 0.91, 1561081, 3269882
2014-07-29, 1762334, 0.86, 1510171, 3272505
2014-07-30, 2357402, 0.96, 2270473, 4627875
2014-07-31, 3790080, 0.99, 3748459, 7538539
2014-08-01, 3052183, 1.24, 3798961, 6851144
2014-08-04, 1664810, 1.16, 1934029, 3598839
2014-08-05, 1872289, 1.18, 2211408, 4083697
2014-08-06, 1962329, 1.13, 2224282, 4186611
2014-08-07, 2358320, 1.00, 2363818, 4722138
2014-08-08, 2102446, 1.09, 2290646, 4393092
2014-08-11, 2358601, 0.74, 1744938, 4103539
2014-08-12, 1687708, 1.08, 1831087, 3518795
2014-08-13, 2190447, 0.94, 2062831, 4253278
2014-08-14, 2127106, 0.92, 1963112, 4090218
2014-08-15, 3108327, 1.01, 3129921, 6238248
2014-08-18, 2186816, 0.88, 1917939, 4104755
2014-08-19, 2357326, 0.90, 2129930, 4487256
2014-08-20, 2024801, 0.86, 1750596, 3775397
2014-08-21, 2108422, 0.72, 1527711, 3636133
2014-08-22, 2064904, 0.93, 1928033, 3992937
2014-08-25, 1580222, 0.89, 1406961, 2987183
2014-08-26, 1666137, 0.80, 1333239, 2999376
2014-08-27, 1603573, 0.88, 1410703, 3014276
2014-08-28, 1446933, 1.30, 1887004, 3333937
2014-08-29, 1722348, 0.96, 1657243, 3379591
2014-09-02, 2065793, 0.82, 1699952, 3765745
2014-09-03, 1994523, 1.00, 1985615, 3980138
2014-09-04, 2310042, 0.97, 2240934, 4550976
2014-09-05, 2221013, 1.03, 2279614, 4500627
2014-09-08, 1880095, 0.88, 1651485, 3531580
2014-09-09, 2251450, 0.89, 2000250, 4251700
2014-09-10, 2157158, 0.94, 2031291, 4188449
2014-09-11, 2031050, 1.01, 2060550, 4091600
2014-09-12, 2929615, 0.89, 2606880, 5536495
2014-09-15, 2350119, 0.86, 2023904, 4374023
2014-09-16, 2677019, 0.89, 2389970, 5066989
2014-09-17, 2448298, 0.96, 2350279, 4798577
2014-09-18, 2505811, 0.91, 2277118, 4782929
2014-09-19, 3373642, 0.83, 2808315, 6181957
2014-09-22, 2181859, 1.05, 2290014, 4471873
2014-09-23, 2090142, 1.01, 2115806, 4205948
2014-09-24, 2249094, 0.88, 1979618, 4228712
2014-09-25, 2599008, 1.15, 2991797, 5590805
2014-09-26, 2319424, 1.13, 2614469, 4933893
2014-09-29, 2403495, 0.89, 2135721, 4539216
2014-09-30, 2042675, 1.13, 2299512, 4342187
2014-10-01, 2605023, 1.29, 3371393, 5976416
2014-10-02, 2996457, 1.02, 3046509, 6042966
2014-10-03, 2779833, 0.92, 2565356, 5345189
2014-10-06, 1951128, 0.99, 1922762, 3873890
2014-10-07, 2352985, 0.99, 2338832, 4691817
2014-10-08, 3283389, 0.99, 3265709, 6549098
2014-10-09, 3631591, 0.97, 3536561, 7168152
2014-10-10, 3704685, 1.20, 4444995, 8149680
2014-10-13, 3168745, 1.53, 4844823, 8013568
2014-10-14, 3746300, 1.05, 3926330, 7672630
2014-10-15, 4615527, 1.30, 6018392, 10633919
2014-10-16, 3937664, 1.01, 3962165, 7899829
2014-10-17, 3171341, 1.20, 3816736, 6988077
2014-10-20, 2648939, 0.88, 2337874, 4986813
2014-10-21, 3403086, 1.03, 3501921, 6905007
2014-10-22, 2766011, 1.14, 3151804, 5917815
2014-10-23, 3192750, 0.82, 2632471, 5825221
2014-10-24, 2526479, 0.90, 2266526, 4793005
2014-10-27, 1804054, 0.97, 1747651, 3551705
2014-10-28, 2671391, 1.00, 2660215, 5331606
2014-10-29, 2422651, 1.03, 2498502, 4921153
2014-10-30, 2271989, 0.96, 2178423, 4450412
2014-10-31, 3613704, 0.77, 2786178, 6399882
2014-11-03, 2288720, 0.84, 1912713, 4201433
2014-11-04, 1927135, 0.89, 1710212, 3637347
2014-11-05, 1912178, 0.89, 1703090, 3615268
2014-11-06, 2162871, 0.91, 1965226, 4128097
2014-11-07, 2136134, 0.95, 2037609, 4173743
2014-11-10, 1876742, 1.05, 1968749, 3845491
2014-11-11, 1682118, 0.99, 1660522, 3342640
2014-11-12, 2163436, 0.81, 1744640, 3908076
2014-11-13, 2371012, 0.95, 2251141, 4622153
2014-11-14, 2272510, 0.92, 2089883, 4362393
2014-11-17, 1898194, 0.84, 1603553, 3501747
2014-11-18, 2474383, 0.88, 2173399, 4647782
2014-11-19, 2194239, 0.93, 2042795, 4237034
2014-11-20, 2079509, 0.96, 2004587, 4084096
2014-11-21, 3256785, 0.75, 2428183, 5684968
2014-11-24, 1965029, 0.79, 1544569, 3509598
2014-11-25, 1707653, 0.98, 1674803, 3382456
2014-11-26, 1762644, 0.84, 1487228, 3249872
2014-11-28, 1529331, 1.09, 1662563, 3191894
2014-12-01, 2223201, 0.99, 2197144, 4420345
2014-12-02, 1627402, 1.13, 1845168, 3472570
2014-12-03, 1911891, 0.78, 1492812, 3404703
2014-12-04, 1693121, 1.06, 1792755, 3485876
2014-12-05, 2372690, 1.03, 2438740, 4811430
2014-12-08, 2217307, 1.04, 2308289, 4525596
2014-12-09, 2122867, 1.05, 2238968, 4361835
2014-12-10, 2728777, 0.96, 2624739, 5353516
2014-12-11, 2395162, 0.99, 2381713, 4776875
2014-12-12, 3152325, 1.13, 3551869, 6704194
2014-12-15, 3326974, 1.05, 3504550, 6831524
2014-12-16, 3250574, 0.98, 3175632, 6426206
2014-12-17, 2888765, 1.24, 3573143, 6461908
2014-12-18, 3398354, 0.78, 2649140, 6047494
2014-12-19, 3012260, 0.88, 2646726, 5658986
2014-12-22, 2117680, 0.75, 1591030, 3708710
2014-12-23, 1921024, 0.86, 1650719, 3571743
2014-12-24, 932653, 0.89, 829178, 1761831
2014-12-26, 1762765, 0.73, 1278700, 3041465
2014-12-29, 1495862, 0.85, 1271753, 2767615
2014-12-30, 1481078, 0.99, 1473225, 2954303
2014-12-31, 2013319, 0.94, 1895037, 3908356
2015-01-02, 1900430, 1.22, 2310223, 4210653
2015-01-05, 2262790, 1.23, 2789631, 5052421
2015-01-06, 2598825, 1.11, 2895035, 5493860
2015-01-07, 2148831, 0.97, 2081724, 4230555
2015-01-08, 2603583, 0.85, 2215351, 4818934
2015-01-09, 2200828, 0.99, 2176976, 4377804
2015-01-12, 1737766, 1.06, 1835104, 3572870
2015-01-13, 2730119, 0.90, 2446276, 5176395
2015-01-14, 2607831, 1.16, 3027033, 5634864
2015-01-15, 2830928, 1.03, 2917555, 5748483
2015-01-16, 3329893, 0.91, 3019787, 6349680
2015-01-20, 2211783, 0.80, 1774339, 3986122
2015-01-21, 2015790, 1.07, 2157592, 4173382
2015-01-22, 2378331, 0.98, 2325849, 4704180
2015-01-23, 2133689, 1.28, 2726922, 4860611
2015-01-26, 1644141, 0.90, 1482116, 3126257
2015-01-27, 1813041, 1.09, 1967782, 3780823
2015-01-28, 2217565, 0.97, 2155161, 4372726
2015-01-29, 2309914, 1.15, 2667313, 4977227
2015-01-30, 2306125, 1.14, 2639799, 4945924
2015-02-02, 1793347, 1.06, 1898632, 3691979
2015-02-03, 2181941, 0.95, 2082191, 4264132
2015-02-04, 1894598, 0.95, 1801523, 3696121
2015-02-05, 1944466, 0.96, 1864629, 3809095
2015-02-06, 2859147, 1.02, 2926084, 5785231
2015-02-09, 1552726, 1.07, 1661962, 3214688
2015-02-10, 1779060, 0.97, 1718638, 3497698
2015-02-11, 1845398, 0.96, 1778165, 3623563
2015-02-12, 2655542, 0.87, 2308987, 4964529
2015-02-13, 2543200, 0.97, 2460474, 5003674
2015-02-17, 2068994, 0.95, 1968689, 4037683
2015-02-18, 2162383, 0.96, 2065445, 4227828
2015-02-19, 2151088, 0.89, 1908596, 4059684
2015-02-20, 2768825, 0.79, 2199981, 4968806
2015-02-23, 1786983, 0.87, 1554537, 3341520
2015-02-24, 1968631, 1.00, 1970919, 3939550
2015-02-25, 1992783, 1.00, 2001329, 3994112
2015-02-26, 1814386, 1.02, 1848835, 3663221
2015-02-27, 1964463, 1.02, 2004530, 3968993
2015-03-02, 1430130, 1.02, 1452189, 2882319
2015-03-03, 1613075, 0.98, 1579571, 3192646
2015-03-04, 1622497, 0.91, 1484204, 3106701
2015-03-05, 1489810, 0.95, 1420481, 2910291
2015-03-06, 2302125, 1.28, 2947004, 5249129
2015-03-09, 1486551, 1.11, 1644894, 3131445
2015-03-10, 2092509, 1.09, 2282254, 4374763
2015-03-11, 1722441, 1.11, 1911658, 3634099
2015-03-12, 1757973, 1.05, 1848519, 3606492
2015-03-13, 1950398, 1.21, 2350772, 4301170
2015-03-16, 1731999, 1.02, 1765461, 3497460
2015-03-17, 1648038, 0.95, 1568278, 3216316
2015-03-18, 2542675, 0.98, 2487409, 5030084
2015-03-19, 2212180, 0.89, 1964697, 4176877
2015-03-20, 2892147, 0.81, 2328325, 5220472
2015-03-23, 1669300, 0.88, 1475397, 3144697
2015-03-24, 1640519, 1.04, 1702062, 3342581
2015-03-25, 2004167, 1.08, 2166824, 4170991
2015-03-26, 2262836, 0.97, 2196346, 4459182
2015-03-27, 1703648, 1.07, 1827112, 3530760
2015-03-30, 1653037, 0.93, 1541373, 3194410
2015-03-31, 1476049, 1.08, 1588675, 3064724
2015-04-01, 1719959, 1.14, 1955756, 3675715
2015-04-02, 1555340, 1.12, 1748014, 3303354
2015-04-06, 1612660, 0.87, 1406620, 3019280
2015-04-07, 1474618, 1.00, 1468269, 2942887
2015-04-08, 1640921, 0.95, 1562323, 3203244
2015-04-09, 1665250, 1.04, 1727140, 3392390
2015-04-10, 2598916, 0.85, 2218056, 4816972
2015-04-13, 1988690, 0.89, 1779834, 3768524
2015-04-14, 1775878, 1.08, 1925507, 3701385
2015-04-15, 2453652, 0.78, 1924529, 4378181
2015-04-16, 2110851, 0.86, 1824544, 3935395
2015-04-17, 2584836, 1.12, 2902442, 5487278
2015-04-20, 1820553, 0.79, 1431130, 3251683
2015-04-21, 1469925, 0.90, 1322380, 2792305
2015-04-22, 1701165, 0.94, 1600784, 3301949
2015-04-23, 1914826, 1.03, 1967390, 3882216
2015-04-24, 2346837, 0.76, 1784144, 4130981
2015-04-27, 2044931, 0.88, 1795812, 3840743
2015-04-28, 1845199, 0.91, 1673279, 3518478
2015-04-29, 2054550, 0.94, 1938772, 3993322
2015-04-30, 2302336, 1.05, 2426467, 4728803
2015-05-01, 2000326, 0.97, 1930734, 3931060
2015-05-04, 1371954, 0.95, 1305157, 2677111
2015-05-05, 1837777, 1.24, 2277805, 4115582
2015-05-06, 2252996, 1.02, 2291435, 4544431
2015-05-07, 1910267, 0.94, 1799676, 3709943
2015-05-08, 2564096, 0.86, 2197883, 4761979
2015-05-11, 2670894, 0.56, 1495857, 4166751
2015-05-12, 1742068, 1.06, 1847545, 3589613
2015-05-13, 1672663, 0.86, 1445849, 3118512
2015-05-14, 2275104, 0.79, 1796791, 4071895
2015-05-15, 2119325, 0.83, 1752477, 3871802
2015-05-18, 2345833, 0.97, 2271911, 4617744
2015-05-19, 1688673, 1.03, 1733763, 3422436
2015-05-20, 1859487, 0.85, 1572473, 3431960
2015-05-21, 1644371, 0.93, 1526401, 3170772
2015-05-22, 1788279, 0.89, 1582635, 3370914
2015-05-26, 1730433, 1.14, 1966107, 3696540
2015-05-27, 1486489, 1.07, 1586122, 3072611
2015-05-28, 1325234, 1.08, 1433827, 2759061
2015-05-29, 1645235, 1.16, 1900938, 3546173
2015-06-01, 1727482, 0.85, 1476002, 3203484
2015-06-02, 1565428, 0.94, 1475673, 3041101
2015-06-03, 1483529, 0.91, 1345624, 2829153
2015-06-04, 1998886, 1.16, 2314387, 4313273
2015-06-05, 2006096, 1.04, 2076680, 4082776
2015-06-08, 1852588, 1.01, 1871743, 3724331
2015-06-09, 1806052, 0.90, 1626827, 3432879
2015-06-10, 3182782, 0.62, 1970518, 5153300
2015-06-11, 1864098, 0.84, 1564890, 3428988
2015-06-12, 1969790, 1.06, 2094637, 4064427
2015-06-15, 1994431, 0.89, 1778422, 3772853
2015-06-16, 2369290, 0.75, 1769711, 4139001
2015-06-17, 2137890, 0.85, 1820116, 3958006
2015-06-18, 2645780, 0.89, 2360919, 5006699
2015-06-19, 2216073, 0.93, 2052467, 4268540
2015-06-22, 1837580, 0.89, 1636009, 3473589
2015-06-23, 1617319, 0.97, 1564176, 3181495
2015-06-24, 1705506, 0.90, 1541405, 3246911
2015-06-25, 1468726, 1.08, 1589548, 3058274
2015-06-26, 1993074, 1.06, 2110321, 4103395
2015-06-29, 2423841, 1.38, 3349495, 5773336
2015-06-30, 2236023, 1.10, 2462982, 4699005
2015-07-01, 1733712, 1.15, 1998029, 3731741
2015-07-02, 2081400, 1.00, 2089061, 4170461
2015-07-06, 1849335, 1.15, 2129546, 3978881
2015-07-07, 2175511, 1.24, 2704936, 4880447
2015-07-08, 1718728, 1.45, 2488688, 4207416
2015-07-09, 1939475, 1.16, 2255809, 4195284
2015-07-10, 2235589, 1.02, 2270394, 4505983
2015-07-13, 3615693, 0.57, 2075720, 5691413
2015-07-14, 2004971, 0.97, 1953244, 3958215
2015-07-15, 1861634, 0.97, 1808055, 3669689
2015-07-16, 2671749, 0.88, 2353356, 5025105
2015-07-17, 2556288, 0.85, 2165927, 4722215
2015-07-20, 2156430, 0.91, 1971379, 4127809
2015-07-21, 1882652, 0.91, 1711035, 3593687
2015-07-22, 2138631, 0.85, 1823567, 3962198
2015-07-23, 2240164, 1.03, 2309079, 4549243
2015-07-24, 2085449, 1.41, 2949877, 5035326
2015-07-27, 2003928, 1.22, 2439617, 4443545
2015-07-28, 1869541, 0.93, 1742186, 3611727
2015-07-29, 1898253, 0.90, 1714062, 3612315
2015-07-30, 1732171, 0.76, 1316018, 3048189
2015-07-31, 1628965, 1.11, 1803108, 3432073
2015-08-03, 1955423, 0.97, 1903780, 3859203
2015-08-04, 1525062, 0.93, 1424389, 2949451
2015-08-05, 1851244, 0.98, 1815785, 3667029
2015-08-06, 2061925, 1.30, 2672269, 4734194
2015-08-07, 1958989, 1.23, 2406877, 4365866
2015-08-10, 2809353, 0.56, 1579205, 4388558
2015-08-11, 2117178, 1.10, 2335583, 4452761
2015-08-12, 2881884, 1.04, 2985685, 5867569
2015-08-13, 1901898, 0.96, 1820274, 3722172
2015-08-14, 1762594, 1.01, 1772645, 3535239
2015-08-17, 2450661, 0.89, 2179199, 4629860
2015-08-18, 1829891, 0.94, 1718872, 3548763
2015-08-19, 2410027, 1.11, 2687027, 5097054
2015-08-20, 2990668, 1.33, 3969629, 6960297
2015-08-21, 4099169, 1.69, 6938258, 11037427
2015-08-24, 3760586, 1.28, 4798833, 8559419
2015-08-25, 2905902, 1.25, 3619240, 6525142
2015-08-26, 3462454, 1.04, 3612140, 7074594
2015-08-27, 2786594, 1.20, 3349311, 6135905
2015-08-28, 2037537, 1.28, 2605442, 4642979
2015-08-31, 1692258, 1.19, 2010980, 3703238
2015-09-01, 2600270, 1.24, 3226691, 5826961
2015-09-02, 1791171, 1.31, 2348736, 4139907
2015-09-03, 2079587, 1.12, 2335114, 4414701
2015-09-04, 1767730, 1.48, 2616692, 4384422
2015-09-08, 1980470, 0.93, 1837278, 3817748
2015-09-09, 2202852, 1.03, 2263177, 4466029
2015-09-10, 1818937, 1.19, 2161644, 3980581
2015-09-11, 1783785, 1.21, 2152895, 3936680
2015-09-14, 1584907, 1.03, 1639490, 3224397
2015-09-15, 2246348, 1.17, 2619831, 4866179
2015-09-16, 2191621, 1.20, 2622317, 4813938
2015-09-17, 2964585, 0.92, 2726416, 5691001
2015-09-18, 2411832, 1.14, 2760610, 5172442
2015-09-21, 1946567, 1.00, 1952761, 3899328
2015-09-22, 1862242, 1.16, 2160450, 4022692
2015-09-23, 1586698, 1.05, 1660927, 3247625
2015-09-24, 2212903, 1.03, 2275370, 4488273
2015-09-25, 1819188, 1.30, 2359180, 4178368
2015-09-28, 1886992, 1.44, 2708248, 4595240
2015-09-29, 1605412, 1.37, 2207041, 3812453
2015-09-30, 2368963, 0.84, 1994298, 4363261
2015-10-01, 1728368, 0.97, 1676942, 3405310
2015-10-02, 2301334, 1.09, 2512601, 4813935
2015-10-05, 2311215, 1.01, 2323636, 4634851
2015-10-06, 1846786, 0.93, 1718559, 3565345
2015-10-07, 1921640, 1.09, 2092025, 4013665
2015-10-08, 2298220, 0.93, 2144275, 4442495
2015-10-09, 2203369, 0.87, 1924963, 4128332
2015-10-12, 1576006, 0.94, 1478272, 3054278
2015-10-13, 2228667, 0.90, 2016771, 4245438
2015-10-14, 2086119, 0.96, 2011787, 4097906
2015-10-15, 2223916, 1.11, 2473064, 4696980
2015-10-16, 2770680, 0.87, 2396973, 5167653
2015-10-19, 2099833, 0.89, 1860357, 3960190
2015-10-20, 1655247, 0.99, 1646852, 3302099
2015-10-21, 1969451, 0.96, 1885257, 3854708
2015-10-22, 2221712, 0.91, 2019904, 4241616
2015-10-23, 3213706, 0.77, 2468596, 5682302
2015-10-26, 1555560, 0.95, 1479784, 3035344
2015-10-27, 1651825, 0.99, 1631891, 3283716
2015-10-28, 2417670, 0.77, 1855874, 4273544
2015-10-29, 2249134, 0.86, 1936891, 4186025
2015-10-30, 2144977, 0.95, 2036192, 4181169
2015-11-02, 1739458, 0.88, 1529121, 3268579
2015-11-03, 2071570, 0.95, 1970841, 4042411
2015-11-04, 1856964, 1.00, 1855109, 3712073
2015-11-05, 1837852, 1.06, 1948844, 3786696
2015-11-06, 2314120, 1.04, 2406459, 4720579
2015-11-09, 1935326, 1.10, 2137122, 4072448
2015-11-10, 1627111, 1.00, 1621511, 3248622
2015-11-11, 1467154, 0.88, 1287629, 2754783
2015-11-12, 1991527, 1.22, 2438322, 4429849
2015-11-13, 2991737, 1.16, 3462553, 6454290
2015-11-16, 2324807, 0.88, 2039910, 4364717
2015-11-17, 2340280, 0.88, 2063035, 4403315
2015-11-18, 2259530, 1.02, 2295470, 4555000
2015-11-19, 2060759, 0.95, 1948769, 4009528
2015-11-20, 2136491, 0.94, 2002038, 4138529
2015-11-23, 1490843, 1.03, 1541095, 3031938
2015-11-24, 1415323, 1.06, 1497953, 2913276
2015-11-25, 1194100, 1.04, 1236936, 2431036
2015-11-27, 808983, 1.12, 905417, 1714400
2015-11-30, 1355123, 1.17, 1585936, 2941059
2015-12-01, 1527948, 1.07, 1640758, 3168706
2015-12-02, 1702476, 1.04, 1775444, 3477920
2015-12-03, 2081045, 1.12, 2325763, 4406808
2015-12-04, 2155288, 0.90, 1942347, 4097635
2015-12-07, 1508260, 1.01, 1529160, 3037420
2015-12-08, 1397892, 1.08, 1510858, 2908750
2015-12-09, 2120941, 0.93, 1969148, 4090089
2015-12-10, 1381640, 1.25, 1723442, 3105082
2015-12-11, 3212681, 1.08, 3484234, 6696915
2015-12-14, 3321763, 0.91, 3032973, 6354736
2015-12-15, 2301952, 0.88, 2028761, 4330713
2015-12-16, 2846437, 0.75, 2129792, 4976229
2015-12-17, 2152706, 0.98, 2118502, 4271208
2015-12-18, 2658652, 1.03, 2739445, 5398097
2015-12-21, 1623042, 0.84, 1362159, 2985201
2015-12-22, 1505637, 0.92, 1380294, 2885931
2015-12-23, 1802042, 0.84, 1506243, 3308285
2015-12-24, 785993, 0.92, 724360, 1510353
2015-12-28, 893098, 1.31, 1165989, 2059087
2015-12-29, 1334464, 0.82, 1094767, 2429231
2015-12-30, 1057050, 1.00, 1058568, 2115618
2015-12-31, 1313721, 1.04, 1362375, 2676096
2016-01-04, 2152059, 1.08, 2318308, 4470367
2016-01-05, 1548597, 1.00, 1551189, 3099786
2016-01-06, 2111471, 1.03, 2166897, 4278368
2016-01-07, 2673682, 1.38, 3701539, 6375221
2016-01-08, 2194530, 1.34, 2942220, 5136750
2016-01-11, 2648661, 1.13, 2982001, 5630662
2016-01-12, 2008767, 1.02, 2057346, 4066113
2016-01-13, 2269930, 1.20, 2734544, 5004474
2016-01-14, 3441547, 1.02, 3500810, 6942357
2016-01-15, 3167688, 1.52, 4808738, 7976426
2016-01-19, 2321044, 0.90, 2094528, 4415572
2016-01-20, 3536277, 1.18, 4189165, 7725442
2016-01-21, 2029567, 1.10, 2226015, 4255582
2016-01-22, 2113515, 1.11, 2344117, 4457632
2016-01-25, 1447809, 1.03, 1490857, 2938666
2016-01-26, 1632241, 0.88, 1443064, 3075305
2016-01-27, 1956550, 0.95, 1858828, 3815378
2016-01-28, 1977640, 0.87, 1717642, 3695282
2016-01-29, 2662269, 0.91, 2433017, 5095286
2016-02-01, 1506401, 1.02, 1537564, 3043965
2016-02-02, 1865021, 1.03, 1913534, 3778555
2016-02-03, 2438579, 0.85, 2067832, 4506411
2016-02-04, 2121221, 0.94, 1983991, 4105212
2016-02-05, 2408324, 0.97, 2328896, 4737220
2016-02-08, 2420277, 1.16, 2814224, 5234501
2016-02-09, 2144730, 0.92, 1971707, 4116437
2016-02-10, 1663625, 1.09, 1812785, 3476410
2016-02-11, 2905705, 0.96, 2786940, 5692645
2016-02-12, 2395596, 0.92, 2205393, 4600989
2016-02-16, 2189551, 0.95, 2083006, 4272557
2016-02-17, 2431862, 1.12, 2722198, 5154060
2016-02-18, 1938820, 1.07, 2074547, 4013367
2016-02-19, 2327780, 1.06, 2456680, 4784460
2016-02-22, 2160175, 0.94, 2020117, 4180292
2016-02-23, 1495723, 1.12, 1681047, 3176770
2016-02-24, 1973669, 1.05, 2066362, 4040031
2016-02-25, 1675697, 0.93, 1555914, 3231611
2016-02-26, 2113738, 1.00, 2118623, 4232361
2016-02-29, 1549879, 1.21, 1871219, 3421098
2016-03-01, 2249494, 0.89, 1995177, 4244671
2016-03-02, 2453652, 0.80, 1969980, 4423632
2016-03-03, 2728219, 0.77, 2111351, 4839570
2016-03-04, 3292123, 0.84, 2758459, 6050582
2016-03-07, 1913157, 0.85, 1621630, 3534787
2016-03-08, 1832399, 0.98, 1801083, 3633482
2016-03-09, 1572583, 0.92, 1446970, 3019553
2016-03-10, 1911877, 0.99, 1901901, 3813778
2016-03-11, 2444121, 1.01, 2477474, 4921595
2016-03-14, 1666462, 0.91, 1522408, 3188870
2016-03-15, 1848130, 0.90, 1662297, 3510427
2016-03-16, 2240692, 0.90, 2013419, 4254111
2016-03-17, 3320210, 0.68, 2251396, 5571606
2016-03-18, 2905731, 0.78, 2269666, 5175397
2016-03-21, 1424803, 0.89, 1261059, 2685862
2016-03-22, 1488410, 1.07, 1585824, 3074234
2016-03-23, 1636287, 1.04, 1695635, 3331922
2016-03-24, 1800702, 1.06, 1913431, 3714133
2016-03-28, 1312236, 0.78, 1019196, 2331432
2016-03-29, 1826457, 0.97, 1772993, 3599450
2016-03-30, 2278551, 1.13, 2567147, 4845698
2016-03-31, 1574390, 1.15, 1811251, 3385641
2016-04-01, 1745711, 0.96, 1677486, 3423197
2016-04-04, 1376037, 0.97, 1333836, 2709873
2016-04-05, 1376317, 1.13, 1555317, 2931634
2016-04-06, 1569854, 0.99, 1552189, 3122043
2016-04-07, 1888869, 1.02, 1929226, 3818095
2016-04-08, 1594557, 1.00, 1588923, 3183480
2016-04-11, 1531136, 0.87, 1326707, 2857843
2016-04-12, 1835927, 0.93, 1708790, 3544717
2016-04-13, 3101775, 0.61, 1903762, 5005537
2016-04-14, 2078387, 0.86, 1779326, 3857713
2016-04-15, 2243318, 0.80, 1805753, 4049071
2016-04-18, 1926358, 0.98, 1895611, 3821969
2016-04-19, 3135033, 0.62, 1949555, 5084588
2016-04-20, 2389249, 0.88, 2114019, 4503268
2016-04-21, 1678589, 1.17, 1958474, 3637063
2016-04-22, 1851679, 0.98, 1820619, 3672298
2016-04-25, 1628137, 0.76, 1231738, 2859875
2016-04-26, 1607484, 0.80, 1288195, 2895679
2016-04-27, 1931596, 1.02, 1970291, 3901887
2016-04-28, 2073536, 1.00, 2071143, 4144679
2016-04-29, 2489029, 1.16, 2888120, 5377149
2016-05-02, 1443109, 1.08, 1564576, 3007685
2016-05-03, 1730670, 1.10, 1904768, 3635438
2016-05-04, 1803570, 1.09, 1958527, 3762097
2016-05-05, 1470547, 1.20, 1760960, 3231507
2016-05-06, 1972673, 1.19, 2356602, 4329275
2016-05-09, 1357577, 1.14, 1549626, 2907203
2016-05-10, 1953694, 1.07, 2088151, 4041845
2016-05-11, 1925907, 0.93, 1784203, 3710110
2016-05-12, 1791608, 1.28, 2284378, 4075986
2016-05-13, 1903177, 1.15, 2190289, 4093466
2016-05-16, 1971766, 0.77, 1525166, 3496932
2016-05-17, 1985357, 1.21, 2395582, 4380939
2016-05-18, 2165620, 1.02, 2205292, 4370912
2016-05-19, 1911676, 1.37, 2610063, 4521739
2016-05-20, 1924117, 1.04, 1991879, 3915996
2016-05-23, 1495372, 1.01, 1503650, 2999022
2016-05-24, 1992752, 1.01, 2009024, 4001776
2016-05-25, 2309584, 0.97, 2250524, 4560108
2016-05-26, 1645892, 0.93, 1527950, 3173842
2016-05-27, 1854550, 0.90, 1677074, 3531624
2016-05-31, 2015045, 0.93, 1865484, 3880529
2016-06-01, 1669339, 1.04, 1732771, 3402110
2016-06-02, 1747012, 0.91, 1592621, 3339633
2016-06-03, 2198715, 0.88, 1926222, 4124937
2016-06-06, 2245175, 0.74, 1657121, 3902296
2016-06-07, 2047372, 0.85, 1736982, 3784354
2016-06-08, 1887496, 0.86, 1625794, 3513290
2016-06-09, 1788796, 0.94, 1689189, 3477985
2016-06-10, 2382864, 1.09, 2595526, 4978390
2016-06-13, 2847834, 0.92, 2631531, 5479365
2016-06-14, 2747811, 1.03, 2838745, 5586556
2016-06-15, 1833708, 1.17, 2149426, 3983134
2016-06-16, 2322680, 1.39, 3239327, 5562007
2016-06-17, 2258989, 1.11, 2500313, 4759302
2016-06-20, 1916774, 0.99, 1906936, 3823710
2016-06-21, 1749776, 1.01, 1764470, 3514246
2016-06-22, 2258543, 1.04, 2356340, 4614883
2016-06-23, 1925692, 1.28, 2458609, 4384301
2016-06-24, 3227996, 1.24, 4005549, 7233545
2016-06-27, 2797963, 1.29, 3621460, 6419423
2016-06-28, 2332870, 1.14, 2660530, 4993400
2016-06-29, 2609724, 1.17, 3040729, 5650453
2016-06-30, 2557045, 1.23, 3154168, 5711213
2016-07-01, 2594558, 0.92, 2388546, 4983104
2016-07-05, 1634589, 1.24, 2031292, 3665881
2016-07-06, 1999960, 1.01, 2024288, 4024248
2016-07-07, 2095479, 0.86, 1799943, 3895422
2016-07-08, 3419861, 0.73, 2508807, 5928668
2016-07-11, 2639681, 0.76, 2017486, 4657167
2016-07-12, 2787630, 0.79, 2213944, 5001574
2016-07-13, 2053700, 0.89, 1828724, 3882424
2016-07-14, 3484611, 0.62, 2148967, 5633578
2016-07-15, 2305377, 0.85, 1948341, 4253718
2016-07-18, 1901625, 0.92, 1745131, 3646756
2016-07-19, 1907978, 0.92, 1764799, 3672777
2016-07-20, 2467887, 0.79, 1957307, 4425194
2016-07-21, 1904713, 0.95, 1805943, 3710656
2016-07-22, 2118825, 0.82, 1729375, 3848200
2016-07-25, 1762494, 0.91, 1610089, 3372583
2016-07-26, 1748955, 0.92, 1600611, 3349566
2016-07-27, 2055232, 0.92, 1884286, 3939518
2016-07-28, 2143616, 0.90, 1933110, 4076726
2016-07-29, 2077687, 1.20, 2488605, 4566292
2016-08-01, 1552958, 1.35, 2098234, 3651192
2016-08-02, 1872589, 1.15, 2158930, 4031519
2016-08-03, 1513253, 0.94, 1427641, 2940894
2016-08-04, 1631233, 0.93, 1510736, 3141969
2016-08-05, 2740384, 0.92, 2528435, 5268819
2016-08-08, 1787811, 0.98, 1754249, 3542060
2016-08-09, 1773203, 0.91, 1615510, 3388713
2016-08-10, 1868872, 0.87, 1633478, 3502350
2016-08-11, 1859726, 0.95, 1770806, 3630532
2016-08-12, 2253730, 0.76, 1718969, 3972699
2016-08-15, 2137139, 0.78, 1657076, 3794215
2016-08-16, 1899643, 1.03, 1961047, 3860690
2016-08-17, 2176348, 0.90, 1954500, 4130848
2016-08-18, 1913020, 0.86, 1650638, 3563658
2016-08-19, 2162825, 0.84, 1826172, 3988997
2016-08-22, 1689275, 0.90, 1527411, 3216686
2016-08-23, 1825263, 0.86, 1568342, 3393605
2016-08-24, 2095310, 0.93, 1938519, 4033829
2016-08-25, 1483413, 1.15, 1708350, 3191763
2016-08-26, 2312206, 1.04, 2405415, 4717621
2016-08-29, 1501774, 0.93, 1403414, 2905188
2016-08-30, 1577532, 0.97, 1523872, 3101404
2016-08-31, 1606269, 1.20, 1920730, 3526999
2016-09-01, 1888047, 1.01, 1906175, 3794222
2016-09-02, 2162631, 0.96, 2083541, 4246172
2016-09-06, 2256770, 0.87, 1965386, 4222156
2016-09-07, 1965803, 0.89, 1744345, 3710148
2016-09-08, 1898049, 0.97, 1840466, 3738515
2016-09-09, 3486148, 1.18, 4105647, 7591795
2016-09-12, 2848990, 1.00, 2842110, 5691100
2016-09-13, 2821948, 0.98, 2767005, 5588953
2016-09-14, 2412891, 1.09, 2638520, 5051411
2016-09-15, 2611806, 0.84, 2201500, 4813306
2016-09-16, 2467901, 1.00, 2460250, 4928151
2016-09-19, 2102237, 0.79, 1663791, 3766028
2016-09-20, 1870716, 0.98, 1831675, 3702391
2016-09-21, 2449456, 1.00, 2444032, 4893488
2016-09-22, 2545328, 0.97, 2468807, 5014135
2016-09-23, 2114599, 1.05, 2215269, 4329868
2016-09-26, 1678444, 1.15, 1934200, 3612644
2016-09-27, 1648152, 0.99, 1634369, 3282521
2016-09-28, 1868013, 0.90, 1677155, 3545168
2016-09-29, 2354373, 1.04, 2449426, 4803799
2016-09-30, 2062710, 1.01, 2076480, 4139190
2016-10-03, 1435770, 1.06, 1523389, 2959159
2016-10-04, 1936762, 0.90, 1751144, 3687906
2016-10-05, 1973409, 0.77, 1515657, 3489066
2016-10-06, 1790155, 1.00, 1783724, 3573879
2016-10-07, 1762194, 1.18, 2081023, 3843217
2016-10-10, 1619968, 0.93, 1510985, 3130953
2016-10-11, 2297504, 1.12, 2566380, 4863884
2016-10-12, 1595535, 1.06, 1685295, 3280830
2016-10-13, 2282346, 0.97, 2215854, 4498200
2016-10-14, 2137468, 0.94, 2017653, 4155121
2016-10-17, 1518629, 0.97, 1470178, 2988807
2016-10-18, 1982459, 0.97, 1932738, 3915197
2016-10-19, 1995811, 0.95, 1895783, 3891594
2016-10-20, 1946131, 0.99, 1926066, 3872197
2016-10-21, 2437915, 0.97, 2371071, 4808986
2016-10-24, 1664592, 0.93, 1556096, 3220688
2016-10-25, 1711059, 0.97, 1657294, 3368353
2016-10-26, 1817490, 0.90, 1643429, 3460919
2016-10-27, 2143918, 0.84, 1800377, 3944295
2016-10-28, 2382744, 1.11, 2647661, 5030405
2016-10-31, 1643838, 1.06, 1734949, 3378787
2016-11-01, 2108952, 1.43, 3009635, 5118587
2016-11-02, 1982695, 1.31, 2588069, 4570764
2016-11-03, 2359955, 1.19, 2804773, 5164728
2016-11-04, 2732724, 1.37, 3749380, 6482104
2016-11-07, 2463858, 1.22, 3008251, 5472109
2016-11-08, 2211579, 1.48, 3283551, 5495130
2016-11-09, 3641178, 1.07, 3914176, 7555354
2016-11-10, 3726713, 0.89, 3326686, 7053399
2016-11-11, 2638988, 1.07, 2825389, 5464377
2016-11-14, 2905228, 0.91, 2635571, 5540799
2016-11-15, 2655801, 0.91, 2423578, 5079379
2016-11-16, 2408777, 1.02, 2464933, 4873710
2016-11-17, 2490632, 0.87, 2162922, 4653554
2016-11-18, 2330521, 0.94, 2197648, 4528169
2016-11-21, 2316247, 0.84, 1955106, 4271353
2016-11-22, 2115550, 1.00, 2105680, 4221230
2016-11-23, 1817286, 0.96, 1743228, 3560514
2016-11-25, 1551690, 0.80, 1238513, 2790203
2016-11-28, 1818765, 0.92, 1676384, 3495149
2016-11-29, 1477374, 0.96, 1414842, 2892216
2016-11-30, 2144476, 0.90, 1927411, 4071887
2016-12-01, 2229233, 0.95, 2107208, 4336441
2016-12-02, 1912161, 0.92, 1766106, 3678267
2016-12-05, 1888760, 0.86, 1628915, 3517675
2016-12-06, 1729315, 0.83, 1428908, 3158223
2016-12-07, 2970486, 0.84, 2492864, 5463350
2016-12-08, 3069374, 0.75, 2306219, 5375593
2016-12-09, 2806658, 0.82, 2290518, 5097176
2016-12-12, 2064364, 0.80, 1644313, 3708677
2016-12-13, 3274790, 0.60, 1977616, 5252406
2016-12-14, 2386986, 0.90, 2142003, 4528989
2016-12-15, 2418077, 0.85, 2061540, 4479617
2016-12-16, 2632634, 0.91, 2403816, 5036450
2016-12-19, 1726918, 1.17, 2019163, 3746081
2016-12-20, 1723785, 0.94, 1616501, 3340286
2016-12-21, 1787895, 0.92, 1645284, 3433179
2016-12-22, 1835368, 0.89, 1638134, 3473502
2016-12-23, 1149346, 0.86, 992739, 2142085
2016-12-27, 1048751, 1.02, 1069851, 2118602
2016-12-28, 1527796, 0.91, 1393317, 2921113
2016-12-29, 1376620, 0.94, 1299106, 2675726
2016-12-30, 1630190, 1.09, 1774835, 3405025
2017-01-03, 1808289, 0.98, 1767477, 3575766
2017-01-04, 1933639, 0.87, 1690512, 3624151
2017-01-05, 1737037, 1.16, 2011530, 3748567
2017-01-06, 2147915, 0.97, 2090158, 4238073
2017-01-09, 1522835, 1.00, 1524357, 3047192
2017-01-10, 1806645, 0.89, 1600779, 3407424
2017-01-11, 2222884, 0.84, 1875626, 4098510
2017-01-12, 1979866, 1.07, 2127889, 4107755
2017-01-13, 2154884, 0.92, 1976455, 4131339
2017-01-17, 2222018, 0.95, 2117287, 4339305
2017-01-18, 2185526, 1.07, 2345616, 4531142
2017-01-19, 2051053, 0.94, 1929763, 3980816
2017-01-20, 2469986, 1.00, 2468349, 4938335
2017-01-23, 1931817, 0.95, 1831465, 3763282
2017-01-24, 2383446, 0.76, 1802771, 4186217
2017-01-25, 3114558, 0.72, 2241235, 5355793
2017-01-26, 2125006, 0.87, 1845896, 3970902
2017-01-27, 2062738, 1.00, 2067651, 4130389
2017-01-30, 2006109, 1.10, 2197626, 4203735
2017-01-31, 1803349, 1.03, 1853263, 3656612
2017-02-01, 2028857, 0.91, 1855154, 3884011
2017-02-02, 1925627, 0.86, 1658517, 3584144
2017-02-03, 2999616, 0.76, 2289604, 5289220
2017-02-06, 1670585, 1.05, 1751110, 3421695
2017-02-07, 1780110, 1.10, 1955092, 3735202
2017-02-08, 2020999, 0.97, 1962602, 3983601
2017-02-09, 2392537, 0.93, 2235981, 4628518
2017-02-10, 2404905, 0.98, 2367078, 4771983
2017-02-13, 3195364, 0.66, 2123332, 5318696
2017-02-14, 3111080, 0.70, 2183727, 5294807
2017-02-15, 3284922, 0.84, 2743394, 6028316
2017-02-16, 2614487, 0.89, 2317647, 4932134
2017-02-17, 2518623, 0.93, 2348783, 4867406
2017-02-21, 2781018, 0.82, 2280700, 5061718
2017-02-22, 2080089, 0.89, 1850894, 3930983
2017-02-23, 2373203, 0.83, 1978872, 4352075
2017-02-24, 2753091, 0.83, 2282831, 5035922
2017-02-27, 2050008, 0.83, 1703819, 3753827
2017-02-28, 1853929, 1.19, 2208775, 4062704
2017-03-01, 3212624, 0.87, 2788432, 6001056
2017-03-02, 2143851, 1.02, 2196051, 4339902
2017-03-03, 2327595, 0.94, 2196175, 4523770
2017-03-06, 1932339, 0.90, 1739814, 3672153
2017-03-07, 2127508, 0.84, 1779687, 3907195
2017-03-08, 2070546, 0.98, 2022663, 4093209
2017-03-09, 1805260, 1.12, 2023692, 3828952
2017-03-10, 2373725, 0.88, 2099956, 4473681
2017-03-13, 1717187, 0.94, 1609360, 3326547
2017-03-14, 1848855, 0.93, 1718339, 3567194
2017-03-15, 3168524, 0.71, 2262169, 5430693
2017-03-16, 2320015, 0.91, 2102491, 4422506
2017-03-17, 2767874, 0.96, 2647528, 5415402
2017-03-20, 1989135, 1.06, 2105991, 4095126
2017-03-21, 3213017, 1.01, 3235885, 6448902
2017-03-22, 2681603, 0.99, 2646246, 5327849
2017-03-23, 1884379, 1.13, 2137346, 4021725
2017-03-24, 1983236, 1.21, 2407780, 4391016
2017-03-27, 1704610, 1.09, 1859887, 3564497
2017-03-28, 2133094, 0.87, 1855440, 3988534
2017-03-29, 1803757, 0.83, 1494286, 3298043
2017-03-30, 1915056, 0.94, 1791066, 3706122
2017-03-31, 1766748, 1.19, 2100229, 3866977
2017-04-03, 1837825, 0.98, 1808361, 3646186
2017-04-04, 1503908, 1.12, 1684297, 3188205
2017-04-05, 2396675, 0.92, 2201510, 4598185
2017-04-06, 1786455, 0.90, 1605472, 3391927
2017-04-07, 2272511, 0.95, 2170130, 4442641
2017-04-10, 2066786, 1.05, 2166952, 4233738
2017-04-11, 2608915, 0.91, 2373786, 4982701
2017-04-12, 2109270, 0.95, 2010609, 4119879
2017-04-13, 2772163, 0.98, 2710773, 5482936
2017-04-17, 2032595, 0.85, 1732022, 3764617
2017-04-18, 2666925, 0.65, 1723664, 4390589
2017-04-19, 3096764, 0.74, 2296447, 5393211
2017-04-20, 2601658, 0.90, 2350162, 4951820
2017-04-21, 2738376, 1.04, 2847329, 5585705
2017-04-24, 2511466, 1.05, 2639099, 5150565
2017-04-25, 3055166, 0.83, 2540819, 5595985
2017-04-26, 2223095, 0.79, 1746152, 3969247
2017-04-27, 2196598, 0.92, 2025217, 4221815
2017-04-28, 2200945, 0.96, 2116044, 4316989
2017-05-01, 1908015, 0.85, 1615863, 3523878
2017-05-02, 2156061, 0.75, 1610032, 3766093
2017-05-03, 1962478, 1.09, 2134361, 4096839
2017-05-04, 2065977, 0.91, 1874480, 3940457
2017-05-05, 2191316, 1.00, 2196345, 4387661
2017-05-08, 2168567, 0.85, 1844061, 4012628
2017-05-09, 2751062, 0.74, 2039418, 4790480
2017-05-10, 1931946, 0.94, 1816855, 3748801
2017-05-11, 2295691, 0.91, 2094606, 4390297
2017-05-12, 2373780, 0.85, 2013036, 4386816
2017-05-15, 2332027, 0.75, 1744569, 4076596
2017-05-16, 2594609, 0.79, 2047259, 4641868
2017-05-17, 3637616, 1.09, 3980395, 7618011
2017-05-18, 2893837, 1.13, 3270672, 6164509
2017-05-19, 2484975, 0.99, 2464536, 4949511
2017-05-22, 1949645, 0.86, 1670185, 3619830
2017-05-23, 1867032, 0.90, 1677078, 3544110
2017-05-24, 1813959, 0.93, 1692553, 3506512
2017-05-25, 2472649, 0.86, 2119786, 4592435
2017-05-26, 1754783, 0.91, 1594007, 3348790
2017-05-30, 1663759, 0.94, 1555893, 3219652
2017-05-31, 2006535, 1.01, 2022525, 4029060
2017-06-01, 1970026, 1.00, 1970099, 3940125
2017-06-02, 2732806, 0.82, 2249797, 4982603
2017-06-05, 2073571, 0.74, 1533356, 3606927
2017-06-06, 2383366, 0.77, 1838524, 4221890
2017-06-07, 1987998, 0.90, 1797512, 3785510
2017-06-08, 2281802, 0.70, 1600983, 3882785
2017-06-09, 3071639, 1.06, 3268386, 6340025
2017-06-12, 2264355, 0.96, 2184520, 4448875
2017-06-13, 1788923, 0.97, 1733828, 3522751
2017-06-14, 2524931, 0.84, 2108544, 4633475
2017-06-15, 2415991, 0.98, 2362496, 4778487
2017-06-16, 2146012, 1.09, 2329785, 4475797
2017-06-19, 2317531, 0.80, 1861197, 4178728
2017-06-20, 2546438, 0.83, 2120534, 4666972
2017-06-21, 2205292, 0.89, 1962986, 4168278
2017-06-22, 1877251, 0.80, 1508696, 3385947
2017-06-23, 1861927, 0.96, 1795743, 3657670
2017-06-26, 1949621, 0.81, 1572184, 3521805
2017-06-27, 2297022, 0.77, 1773426, 4070448
2017-06-28, 1958488, 0.95, 1851887, 3810375
2017-06-29, 2998849, 0.98, 2948432, 5947281
2017-06-30, 1708951, 1.13, 1924313, 3633264
2017-07-03, 1006365, 0.96, 965792, 1972157
2017-07-05, 1783344, 0.92, 1643271, 3426615
2017-07-06, 1971589, 1.12, 2213389, 4184978
2017-07-07, 2235251, 0.93, 2074381, 4309632
2017-07-10, 1849991, 0.91, 1691690, 3541681
2017-07-11, 1634507, 1.06, 1736736, 3371243
2017-07-12, 2656315, 0.71, 1876044, 4532359
2017-07-13, 1984852, 0.87, 1732148, 3717000
2017-07-14, 2508204, 0.84, 2095446, 4603650
2017-07-17, 1906557, 0.99, 1883938, 3790495
2017-07-18, 2399261, 0.87, 2086086, 4485347
2017-07-19, 2788800, 0.77, 2160150, 4948950
2017-07-20, 2740900, 0.74, 2030865, 4771765
2017-07-21, 3272588, 0.74, 2434987, 5707575
2017-07-24, 1872510, 0.82, 1540767, 3413277
2017-07-25, 2473651, 0.80, 1987484, 4461135
2017-07-26, 2726421, 0.74, 2012571, 4738992
2017-07-27, 2873137, 0.94, 2698288, 5571425
2017-07-28, 2381178, 0.83, 1979083, 4360261
2017-07-31, 1727625, 0.92, 1586586, 3314211
2017-08-01, 1991411, 0.88, 1750099, 3741510
2017-08-02, 2294284, 0.97, 2216302, 4510586
2017-08-03, 1743630, 1.01, 1757295, 3500925
2017-08-04, 2108142, 1.00, 2114185, 4222327
2017-08-07, 1752826, 0.93, 1632448, 3385274
2017-08-08, 2562474, 0.93, 2372244, 4934718
2017-08-09, 2998215, 1.06, 3186997, 6185212
2017-08-10, 4226386, 0.93, 3936437, 8162823
2017-08-11, 3892876, 0.97, 3788195, 7681071
2017-08-14, 2567177, 0.85, 2171946, 4739123
2017-08-15, 2429863, 0.95, 2298204, 4728067
2017-08-16, 2708202, 0.96, 2612422, 5320624
2017-08-17, 3070282, 1.07, 3277046, 6347328
2017-08-18, 3044841, 1.11, 3377201, 6422042
2017-08-21, 1955676, 0.99, 1932742, 3888418
2017-08-22, 2172858, 1.02, 2222721, 4395579
2017-08-23, 1850247, 0.94, 1743204, 3593451
2017-08-24, 1558944, 1.09, 1697223, 3256167
2017-08-25, 1811212, 1.00, 1811692, 3622904
2017-08-28, 1610391, 0.93, 1492300, 3102691
2017-08-29, 2246054, 0.77, 1733712, 3979766
2017-08-30, 2151784, 0.83, 1793699, 3945483
2017-08-31, 2219446, 1.06, 2343089, 4562535
2017-09-01, 2338190, 0.83, 1937896, 4276086
2017-09-05, 2522268, 1.17, 2939712, 5461980
2017-09-06, 1999972, 0.95, 1894759, 3894731
2017-09-07, 1850055, 1.13, 2093367, 3943422
2017-09-08, 2119030, 1.09, 2308551, 4427581
2017-09-11, 2658218, 0.93, 2481257, 5139475
2017-09-12, 2753292, 0.84, 2312510, 5065802
2017-09-13, 2413845, 0.81, 1959135, 4372980
2017-09-14, 2739097, 0.79, 2167871, 4906968
2017-09-15, 2333131, 1.08, 2516185, 4849316
2017-09-18, 2842278, 0.92, 2602711, 5444989
2017-09-19, 2290919, 0.76, 1748712, 4039631
2017-09-20, 2698490, 0.88, 2376716, 5075206
2017-09-21, 1950744, 0.84, 1637734, 3588478
2017-09-22, 1858310, 0.98, 1822505, 3680815
2017-09-25, 3728877, 0.70, 2625060, 6353937
2017-09-26, 1754495, 0.94, 1645340, 3399835
2017-09-27, 2714858, 0.83, 2254590, 4969448
2017-09-28, 2189465, 0.73, 1587621, 3777086
2017-09-29, 2168004, 1.05, 2270017, 4438021
2017-10-02, 2740371, 0.93, 2553213, 5293584
2017-10-03, 2570234, 0.72, 1843090, 4413324
2017-10-04, 2345432, 0.83, 1947061, 4292493
2017-10-05, 2711279, 0.84, 2267147, 4978426
2017-10-06, 2567176, 0.87, 2235889, 4803065
2017-10-09, 1690034, 0.98, 1650444, 3340478
2017-10-10, 2235766, 0.73, 1629549, 3865315
2017-10-11, 1837558, 0.90, 1649463, 3487021
2017-10-12, 2048172, 1.05, 2149866, 4198038
2017-10-13, 2464214, 0.85, 2106686, 4570900
2017-10-16, 2246237, 1.17, 2620149, 4866386
2017-10-17, 2584935, 0.82, 2131082, 4716017
2017-10-18, 2381238, 0.95, 2253658, 4634896
2017-10-19, 2472489, 0.97, 2409194, 4881683
2017-10-20, 3356457, 0.81, 2727601, 6084058
2017-10-23, 2501138, 0.98, 2460982, 4962120
2017-10-24, 2043132, 0.78, 1602677, 3645809
2017-10-25, 2516081, 1.16, 2916104, 5432185
2017-10-26, 1914630, 0.87, 1674195, 3588825
2017-10-27, 2789949, 0.88, 2466856, 5256805
2017-10-30, 2110947, 0.94, 1987559, 4098506
2017-10-31, 1916966, 0.87, 1669085, 3586051
2017-11-01, 2540920, 0.95, 2401263, 4942183
2017-11-02, 2159678, 0.87, 1870503, 4030181
2017-11-03, 2484793, 0.94, 2326353, 4811146
2017-11-06, 2338427, 0.92, 2150427, 4488854
2017-11-07, 2524206, 1.02, 2581966, 5106172
2017-11-08, 1980811, 0.97, 1922667, 3903478
2017-11-09, 2909701, 1.10, 3187089, 6096790
2017-11-10, 2129749, 1.18, 2509242, 4638991
2017-11-13, 2273171, 0.90, 2044674, 4317845
2017-11-14, 2837392, 0.90, 2549590, 5386982
2017-11-15, 2535348, 1.04, 2637935, 5173283
2017-11-16, 2491881, 0.95, 2376932, 4868813
2017-11-17, 3048964, 0.80, 2429295, 5478259
2017-11-20, 2033651, 0.92, 1870021, 3903672
2017-11-21, 2680121, 0.85, 2271984, 4952105
2017-11-22, 1928283, 0.93, 1794982, 3723265
2017-11-24, 1251595, 0.87, 1082942, 2334537
2017-11-27, 2639368, 0.72, 1899963, 4539331
2017-11-28, 3470884, 0.68, 2351297, 5822181
2017-11-29, 3575354, 0.71, 2545982, 6121336
2017-11-30, 3408319, 0.85, 2908269, 6316588
2017-12-01, 4931810, 0.78, 3844911, 8776721
2017-12-04, 2951558, 0.84, 2474121, 5425679
2017-12-05, 2260193, 0.83, 1869249, 4129442
2017-12-06, 2305819, 0.81, 1878417, 4184236
2017-12-07, 2078340, 0.84, 1743790, 3822130
2017-12-08, 2210588, 0.94, 2074388, 4284976
2017-12-11, 2198385, 0.82, 1793454, 3991839
2017-12-12, 2696592, 0.85, 2302990, 4999582
2017-12-13, 2426921, 0.75, 1829639, 4256560
2017-12-14, 2722494, 0.80, 2177986, 4900480
2017-12-15, 3046458, 0.97, 2960539, 6006997
2017-12-18, 3401393, 0.69, 2344881, 5746274
2017-12-19, 2336790, 0.87, 2039429, 4376219
2017-12-20, 2350513, 0.80, 1890473, 4240986
2017-12-21, 1880948, 0.84, 1586416, 3467364
2017-12-22, 1690318, 0.95, 1608397, 3298715
2017-12-26, 1218646, 0.99, 1207112, 2425758
2017-12-27, 1313192, 0.95, 1249654, 2562846
2017-12-28, 1331472, 1.13, 1505412, 2836884
2017-12-29, 1803707, 1.11, 2000817, 3804524
2018-01-02, 2445115, 0.88, 2141925, 4587040
2018-01-03, 2883852, 0.85, 2463057, 5346909
2018-01-04, 3165683, 0.82, 2610892, 5776575
2018-01-05, 3016852, 0.92, 2776495, 5793347
2018-01-08, 3394444, 0.65, 2197476, 5591920
2018-01-09, 2582149, 0.81, 2080375, 4662524
2018-01-10, 4096432, 0.72, 2938080, 7034512
2018-01-11, 3434987, 0.72, 2461711, 5896698
2018-01-12, 4074628, 0.74, 3009461, 7084089
2018-01-16, 4752440, 0.69, 3293417, 8045857
2018-01-17, 3556929, 0.79, 2824513, 6381442
2018-01-18, 2973999, 0.83, 2472743, 5446742
2018-01-19, 2914279, 0.86, 2505421, 5419700
2018-01-22, 2777291, 0.89, 2480774, 5258065
2018-01-23, 3641740, 0.64, 2337131, 5978871
2018-01-24, 3677757, 0.84, 3098203, 6775960
2018-01-25, 2459361, 0.80, 1978554, 4437915
2018-01-26, 3121810, 0.79, 2467613, 5589423
2018-01-29, 3305058, 0.74, 2461877, 5766935
2018-01-30, 3107839, 0.95, 2952811, 6060650
2018-01-31, 3064194, 0.90, 2761194, 5825388
2018-02-01, 2598192, 0.91, 2353492, 4951684
2018-02-02, 6035199, 0.90, 5419273, 11454472
2018-02-05, 5923125, 0.92, 5428719, 11351844
2018-02-06, 5744211, 0.99, 5671878, 11416089
2018-02-07, 4056533, 0.91, 3672534, 7729067
2018-02-08, 3919462, 1.14, 4449451, 8368913
2018-02-09, 3992597, 1.31, 5237354, 9229951
2018-02-12, 3570113, 0.94, 3368360, 6938473
2018-02-13, 3039673, 0.96, 2903417, 5943090
2018-02-14, 2981929, 1.17, 3481044, 6462973
2018-02-15, 3179289, 0.92, 2929984, 6109273
2018-02-16, 3307999, 0.93, 3067685, 6375684
2018-02-20, 2396334, 0.86, 2055649, 4451983
2018-02-21, 2191609, 1.06, 2324659, 4516268
2018-02-22, 1899679, 1.12, 2135345, 4035024
2018-02-23, 2484710, 1.01, 2497317, 4982027
2018-02-26, 2714184, 0.93, 2517310, 5231494
2018-02-27, 2433665, 1.04, 2541480, 4975145
2018-02-28, 2331028, 1.08, 2519469, 4850497
2018-03-01, 2952565, 1.29, 3799160, 6751725
2018-03-02, 3014121, 1.16, 3494660, 6508781
2018-03-05, 2426392, 1.00, 2419114, 4845506
2018-03-06, 1938406, 0.93, 1796650, 3735056
2018-03-07, 2010408, 1.05, 2102644, 4113052
2018-03-08, 2254485, 0.90, 2028401, 4282886
2018-03-09, 3995513, 0.81, 3249780, 7245293
2018-03-12, 2566054, 0.87, 2237392, 4803446
2018-03-13, 2669172, 0.87, 2324142, 4993314
2018-03-14, 2401449, 1.05, 2524710, 4926159
2018-03-15, 2345547, 0.89, 2099141, 4444688
2018-03-16, 2741692, 0.96, 2626234, 5367926
2018-03-19, 3105750, 1.02, 3167511, 6273261
2018-03-20, 2402442, 0.84, 2008289, 4410731
2018-03-21, 1961228, 1.16, 2275520, 4236748
2018-03-22, 2505955, 1.22, 3067832, 5573787
2018-03-23, 2768463, 1.54, 4250717, 7019180
2018-03-26, 2356929, 1.18, 2776638, 5133567
2018-03-27, 2222132, 1.07, 2387731, 4609863
2018-03-28, 2260325, 1.34, 3039852, 5300177
2018-03-29, 2653399, 0.95, 2518483, 5171882
2018-04-02, 2490145, 1.28, 3176304, 5666449
2018-04-03, 1994235, 1.04, 2078774, 4073009
2018-04-04, 2391309, 0.98, 2338932, 4730241
2018-04-05, 2409099, 0.85, 2050905, 4460004
2018-04-06, 2596227, 1.03, 2669035, 5265262
2018-04-09, 1942913, 0.98, 1907705, 3850618
2018-04-10, 2333182, 0.85, 1983310, 4316492
2018-04-11, 2194995, 1.02, 2249274, 4444269
2018-04-12, 2070974, 0.99, 2057893, 4128867
2018-04-13, 2640665, 0.98, 2599182, 5239847
2018-04-16, 2520498, 0.94, 2360346, 4880844
2018-04-17, 3388780, 0.96, 3252402, 6641182
2018-04-18, 2570519, 0.96, 2472795, 5043314
2018-04-19, 2479986, 0.97, 2412028, 4892014
2018-04-20, 2608897, 0.98, 2554595, 5163492
2018-04-23, 1790344, 0.93, 1667994, 3458338
2018-04-24, 2522209, 1.04, 2626697, 5148906
2018-04-25, 2456417, 0.96, 2361919, 4818336
2018-04-26, 2702626, 0.82, 2229250, 4931876
2018-04-27, 2392718, 0.88, 2112734, 4505452
2018-04-30, 2094443, 0.92, 1926434, 4020877
2018-05-01, 1736096, 1.11, 1931217, 3667313
2018-05-02, 1959421, 0.93, 1816640, 3776061
2018-05-03, 2419224, 1.02, 2479126, 4898350
2018-05-04, 2480642, 0.96, 2379035, 4859677
2018-05-07, 2015133, 0.93, 1881086, 3896219
2018-05-08, 1911680, 0.83, 1590424, 3502104
2018-05-09, 2651640, 0.84, 2220965, 4872605
2018-05-10, 3082534, 0.81, 2502750, 5585284
2018-05-11, 2631260, 0.98, 2586964, 5218224
2018-05-14, 2315321, 0.88, 2033245, 4348566
2018-05-15, 1954687, 1.11, 2176018, 4130705
2018-05-16, 2053586, 0.89, 1819625, 3873211
2018-05-17, 2200251, 0.83, 1835056, 4035307
2018-05-18, 1970493, 1.03, 2022220, 3992713
2018-05-21, 2121011, 0.82, 1749069, 3870080
2018-05-22, 1892767, 0.83, 1568313, 3461080
2018-05-23, 1873493, 0.99, 1852456, 3725949
2018-05-24, 1923434, 0.87, 1673318, 3596752
2018-05-25, 1966658, 0.92, 1801471, 3768129
2018-05-29, 2240205, 1.09, 2443511, 4683716
2018-05-30, 2063377, 0.98, 2032385, 4095762
2018-05-31, 1955639, 1.13, 2210641, 4166280
2018-06-01, 2345718, 0.86, 2007095, 4352813
2018-06-04, 2066974, 0.81, 1682476, 3749450
2018-06-05, 2083677, 0.77, 1608045, 3691722
2018-06-06, 2653437, 0.83, 2197211, 4850648
2018-06-07, 2614682, 0.92, 2401313, 5015995
2018-06-08, 1962230, 0.95, 1860246, 3822476
2018-06-11, 2424465, 0.74, 1788371, 4212836
2018-06-12, 2551222, 0.72, 1826461, 4377683
2018-06-13, 2571941, 0.74, 1905661, 4477602
2018-06-14, 2566042, 0.93, 2396034, 4962076
2018-06-15, 2677100, 0.93, 2486647, 5163747
2018-06-18, 2137943, 1.03, 2191990, 4329933
2018-06-19, 2637129, 0.84, 2210659, 4847788
2018-06-20, 2167440, 0.89, 1935969, 4103409
2018-06-21, 2012605, 1.03, 2065604, 4078209
2018-06-22, 2049871, 0.86, 1757812, 3807683
2018-06-25, 3030070, 1.10, 3345158, 6375228
2018-06-26, 2032970, 0.91, 1855313, 3888283
2018-06-27, 2162929, 1.08, 2344281, 4507210
2018-06-28, 2014191, 1.32, 2660840, 4675031
2018-06-29, 1795504, 1.24, 2224736, 4020240
2018-07-02, 1535022, 1.06, 1623039, 3158061
2018-07-03, 1029070, 1.07, 1101941, 2131011
2018-07-05, 1639929, 0.91, 1499444, 3139373
2018-07-06, 1948665, 1.00, 1954384, 3903049
2018-07-09, 2397498, 0.92, 2204464, 4601962
2018-07-10, 2121207, 0.98, 2089126, 4210333
2018-07-11, 1773591, 1.02, 1811487, 3585078
2018-07-12, 2138806, 0.92, 1965266, 4104072
2018-07-13, 2271804, 0.98, 2233691, 4505495
2018-07-16, 1861465, 0.99, 1850342, 3711807
2018-07-17, 2319537, 0.95, 2202099, 4521636
2018-07-18, 2232910, 0.85, 1898850, 4131760
2018-07-19, 2158181, 0.90, 1945921, 4104102
2018-07-20, 2363711, 0.98, 2312179, 4675890
2018-07-23, 2040734, 0.85, 1739962, 3780696
2018-07-24, 2466823, 0.91, 2255765, 4722588
2018-07-25, 2330402, 0.82, 1912089, 4242491
2018-07-26, 2431074, 0.74, 1799590, 4230664
2018-07-27, 2391504, 1.05, 2515110, 4906614
2018-07-30, 1988652, 1.12, 2217683, 4206335
2018-07-31, 1975006, 1.00, 1979711, 3954717
2018-08-01, 1779692, 1.02, 1810774, 3590466
2018-08-02, 2234188, 0.97, 2161001, 4395189
2018-08-03, 2087391, 0.90, 1885233, 3972624
2018-08-06, 2084790, 0.90, 1880817, 3965607
2018-08-07, 2281670, 0.92, 2098657, 4380327
2018-08-08, 2143650, 0.95, 2028669, 4172319
2018-08-09, 2089285, 0.85, 1781703, 3870988
2018-08-10, 2375732, 1.20, 2857609, 5233341
2018-08-13, 2015881, 1.08, 2185756, 4201637
2018-08-14, 1825606, 0.91, 1659436, 3485042
2018-08-15, 2942542, 1.16, 3425302, 6367844
2018-08-16, 2539634, 0.94, 2388096, 4927730
2018-08-17, 2500748, 1.04, 2593075, 5093823
2018-08-20, 2119103, 0.79, 1684544, 3803647
2018-08-21, 2604872, 0.81, 2115002, 4719874
2018-08-22, 1960269, 0.96, 1888324, 3848593
2018-08-23, 1899488, 1.03, 1957529, 3857017
2018-08-24, 2205641, 0.92, 2039883, 4245524
2018-08-27, 2800369, 0.74, 2059543, 4859912
2018-08-28, 2265544, 0.81, 1832909, 4098453
2018-08-29, 2434059, 0.85, 2062848, 4496907
2018-08-30, 2527602, 0.82, 2077976, 4605578
2018-08-31, 2076080, 1.03, 2132921, 4209001
2018-09-04, 2185929, 0.85, 1865265, 4051194
2018-09-05, 2279768, 0.99, 2255413, 4535181
2018-09-06, 2302409, 1.05, 2428537, 4730946
2018-09-07, 2096536, 1.17, 2460550, 4557086
2018-09-10, 1557770, 1.15, 1798751, 3356521
2018-09-11, 1997655, 0.88, 1749177, 3746832
2018-09-12, 2423997, 0.82, 1993993, 4417990
2018-09-13, 2829162, 0.84, 2367598, 5196760
2018-09-14, 2617524, 0.83, 2164861, 4782385
2018-09-17, 2189143, 0.92, 2024136, 4213279
2018-09-18, 2347465, 0.83, 1946520, 4293985
2018-09-19, 2483086, 0.95, 2356882, 4839968
2018-09-20, 3183329, 0.89, 2824592, 6007921
2018-09-21, 2802023, 0.98, 2753133, 5555156
2018-09-24, 1900664, 0.98, 1860584, 3761248
2018-09-25, 1730192, 0.88, 1528267, 3258459
2018-09-26, 2162974, 0.87, 1890371, 4053345
2018-09-27, 1983927, 0.94, 1863912, 3847839
2018-09-28, 2288654, 1.06, 2436205, 4724859
2018-10-01, 1951649, 1.01, 1974084, 3925733
2018-10-02, 1943970, 0.80, 1548526, 3492496
2018-10-03, 2326096, 0.86, 1996688, 4322784
2018-10-04, 3124387, 1.07, 3327771, 6452158
2018-10-05, 2834942, 1.18, 3355363, 6190305
2018-10-08, 2395866, 1.17, 2814171, 5210037
2018-10-09, 2158299, 0.94, 2037157, 4195456
2018-10-10, 4053501, 1.22, 4929041, 8982542
2018-10-11, 4568540, 1.18, 5409370, 9977910
2018-10-12, 3451863, 1.16, 4008069, 7459932
2018-10-15, 2817052, 0.96, 2693744, 5510796
2018-10-16, 2939656, 1.03, 3033662, 5973318
2018-10-17, 2386571, 1.17, 2782555, 5169126
2018-10-18, 2323526, 1.30, 3025107, 5348633
2018-10-19, 2713002, 1.14, 3089192, 5802194
2018-10-22, 1959408, 1.07, 2088751, 4048159
2018-10-23, 3310613, 1.04, 3431708, 6742321
2018-10-24, 2866382, 1.29, 3694403, 6560785
2018-10-25, 3415936, 1.03, 3515380, 6931316
2018-10-26, 3545251, 1.32, 4665883, 8211134
2018-10-29, 2511741, 1.27, 3184895, 5696636
2018-10-30, 2545522, 1.18, 2993079, 5538601
2018-10-31, 2876199, 1.12, 3221625, 6097824
2018-11-01, 2804281, 0.85, 2371975, 5176256
2018-11-02, 2945481, 0.93, 2725899, 5671380
2018-11-05, 1963555, 1.02, 2003275, 3966830
2018-11-06, 2097855, 1.12, 2343957, 4441812
2018-11-07, 3515265, 0.96, 3379709, 6894974
2018-11-08, 2315889, 0.97, 2255426, 4571315
2018-11-09, 2685866, 1.11, 2982875, 5668741
2018-11-12, 2141031, 1.19, 2540548, 4681579
2018-11-13, 2421964, 0.98, 2379264, 4801228
2018-11-14, 2512363, 1.22, 3075820, 5588183
2018-11-15, 3295636, 0.85, 2812063, 6107699
2018-11-16, 2858882, 0.94, 2693865, 5552747
2018-11-19, 2562239, 0.97, 2475175, 5037414
2018-11-20, 3501742, 0.92, 3230759, 6732501
2018-11-21, 2044745, 1.08, 2211329, 4256074
2018-11-23, 1190029, 1.12, 1330341, 2520370
2018-11-26, 2275990, 0.96, 2185276, 4461266
2018-11-27, 1911272, 0.92, 1761585, 3672857
2018-11-28, 3027223, 0.84, 2552898, 5580121
2018-11-29, 2486540, 0.89, 2212005, 4698545
2018-11-30, 3036323, 0.76, 2317365, 5353688
2018-12-03, 3214550, 0.76, 2456496, 5671046
2018-12-04, 3561693, 0.95, 3367543, 6929236
2018-12-06, 3580999, 1.08, 3880883, 7461882
2018-12-07, 2999110, 1.17, 3510147, 6509257
2018-12-10, 3013656, 1.07, 3215356, 6229012
2018-12-11, 2221664, 0.97, 2162513, 4384177
2018-12-12, 2333575, 1.00, 2335508, 4669083
2018-12-13, 1803421, 1.16, 2088283, 3891704
2018-12-14, 2536798, 1.14, 2884630, 5421428
2018-12-17, 2749829, 1.37, 3766378, 6516207
2018-12-18, 2978033, 1.09, 3238708, 6216741
2018-12-19, 2758099, 1.28, 3518835, 6276934
2018-12-20, 3009602, 1.82, 5489571, 8499173
2018-12-21, 3364864, 1.43, 4806236, 8171100
2018-12-24, 2055526, 1.32, 2720075, 4775601
2018-12-26, 3154272, 1.06, 3335873, 6490145
2018-12-27, 2520244, 0.96, 2421897, 4942141
2018-12-28, 2972405, 0.78, 2305574, 5277979
2018-12-31, 2011992, 0.98, 1973940, 3985932
2019-01-02, 2283191, 1.03, 2356140, 4639331
2019-01-03, 2138513, 1.31, 2796245, 4934758
2019-01-04, 3231796, 0.91, 2956419, 6188215
2019-01-07, 2532574, 0.87, 2202169, 4734743
2019-01-08, 2414536, 0.97, 2334937, 4749473
2019-01-09, 2498857, 0.93, 2325012, 4823869
2019-01-10, 2084999, 1.13, 2359397, 4444396
2019-01-11, 2515122, 1.08, 2709313, 5224435
2019-01-14, 1874409, 1.04, 1956470, 3830879
2019-01-15, 2408741, 1.03, 2472705, 4881446
2019-01-16, 2531008, 1.08, 2724527, 5255535
2019-01-17, 2742179, 0.80, 2201958, 4944137
2019-01-18, 3833728, 0.84, 3235999, 7069727
2019-01-22, 2377225, 0.93, 2220299, 4597524
2019-01-23, 1839737, 1.16, 2142678, 3982415
2019-01-24, 1738991, 0.98, 1701909, 3440900
2019-01-25, 2834706, 0.75, 2111929, 4946635
2019-01-28, 1921259, 0.99, 1903328, 3824587
2019-01-29, 1614213, 0.89, 1442078, 3056291
2019-01-30, 2524146, 0.89, 2238542, 4762688
2019-01-31, 3057059, 0.84, 2575809, 5632868
2019-02-01, 2321864, 1.13, 2635186, 4957050
2019-02-04, 2210136, 0.84, 1854380, 4064516
2019-02-05, 2492399, 0.83, 2059304, 4551703
2019-02-06, 2169681, 0.97, 2104218, 4273899
2019-02-07, 2470113, 0.99, 2450660, 4920773
2019-02-08, 2154209, 1.04, 2230680, 4384889
2019-02-11, 1785031, 0.87, 1561130, 3346161
2019-02-12, 2626878, 0.78, 2058301, 4685179
2019-02-13, 2350518, 1.01, 2375526, 4726044
2019-02-14, 2236010, 0.92, 2067647, 4303657
2019-02-15, 2819706, 0.80, 2242827, 5062533
2019-02-19, 2193763, 0.86, 1878883, 4072646
2019-02-20, 2405663, 0.79, 1894650, 4300313
2019-02-21, 1971065, 0.93, 1823852, 3794917
2019-02-22, 2741621, 0.79, 2155718, 4897339
2019-02-25, 2995643, 0.78, 2343455, 5339098
2019-02-26, 2051834, 0.85, 1754311, 3806145
2019-02-27, 2000731, 0.93, 1862729, 3863460
2019-02-28, 2025848, 0.96, 1936205, 3962053
2019-03-01, 2461683, 0.91, 2237133, 4698816
2019-03-04, 2882827, 1.00, 2874706, 5757533
2019-03-05, 1908352, 0.89, 1701766, 3610118
2019-03-06, 2035186, 1.06, 2161538, 4196724
2019-03-07, 2268344, 1.12, 2537346, 4805690
2019-03-08, 2638822, 0.97, 2546733, 5185555
2019-03-11, 2466524, 0.82, 2024383, 4490907
2019-03-12, 2072280, 1.01, 2095879, 4168159
2019-03-13, 3080296, 0.85, 2614348, 5694644
2019-03-14, 2310041, 0.91, 2101463, 4411504
2019-03-15, 3268245, 0.85, 2771279, 6039524
2019-03-18, 2539408, 0.81, 2046229, 4585637
2019-03-19, 2424481, 0.96, 2329493, 4753974
2019-03-20, 2484045, 0.89, 2204239, 4688284
2019-03-21, 2585631, 0.77, 1979034, 4564665
2019-03-22, 3128973, 0.89, 2799246, 5928219
2019-03-25, 2338372, 0.86, 2010031, 4348403
2019-03-26, 1770502, 0.88, 1562736, 3333238
2019-03-27, 1905732, 1.03, 1969335, 3875067
2019-03-28, 1682612, 0.87, 1463457, 3146069
2019-03-29, 2220565, 0.88, 1958652, 4179217
2019-04-01, 2412620, 0.84, 2016077, 4428697
2019-04-02, 1936163, 0.83, 1610529, 3546692
2019-04-03, 2526706, 0.86, 2162922, 4689628
2019-04-04, 1751075, 0.81, 1424756, 3175831
2019-04-05, 2333591, 0.82, 1916203, 4249794
2019-04-08, 2172333, 0.76, 1641190, 3813523
2019-04-09, 2124392, 0.86, 1832856, 3957248
2019-04-10, 1710344, 0.89, 1523035, 3233379
2019-04-11, 1746204, 0.99, 1720072, 3466276
2019-04-12, 3098764, 0.74, 2293205, 5391969
2019-04-15, 2034187, 0.91, 1854644, 3888831
2019-04-16, 2446876, 0.92, 2242147, 4689023
2019-04-17, 2837149, 0.81, 2288033, 5125182
2019-04-18, 2449297, 0.88, 2160682, 4609979
2019-04-22, 1886667, 0.86, 1616386, 3503053
2019-04-23, 2557897, 0.81, 2065400, 4623297
2019-04-24, 2046117, 0.87, 1784939, 3831056
2019-04-25, 2240456, 0.85, 1902992, 4143448
2019-04-26, 2257619, 0.86, 1945320, 4202939
2019-04-29, 2159208, 0.86, 1850926, 4010134
2019-04-30, 2164397, 1.04, 2260298, 4424695
2019-05-01, 2527005, 0.93, 2343465, 4870470
2019-05-02, 2465153, 0.93, 2287437, 4752590
2019-05-03, 2658168, 0.77, 2052047, 4710215
2019-05-06, 2408436, 1.05, 2520324, 4928760
2019-05-07, 4234669, 0.87, 3677764, 7912433
2019-05-08, 2082259, 1.20, 2498370, 4580629
2019-05-09, 2843449, 1.28, 3629524, 6472973
2019-05-10, 2643797, 1.24, 3266115, 5909912
2019-05-13, 3083882, 1.09, 3346577, 6430459
2019-05-14, 2183993, 1.02, 2226121, 4410114
2019-05-15, 2294167, 1.15, 2644226, 4938393
2019-05-16, 2772004, 1.02, 2837679, 5609683
2019-05-17, 2598474, 1.09, 2842980, 5441454
2019-05-20, 2312092, 0.85, 1956300, 4268392
2019-05-21, 2063684, 1.00, 2058059, 4121743
2019-05-22, 1987373, 0.94, 1858639, 3846012
2019-05-23, 2395569, 1.21, 2905135, 5300704
2019-05-24, 2036125, 0.96, 1949679, 3985804
2019-05-28, 1859125, 1.07, 1993215, 3852340
2019-05-29, 2577738, 1.41, 3637836, 6215574
2019-05-30, 1934032, 1.10, 2128404, 4062436
2019-05-31, 2621345, 1.19, 3108219, 5729564
2019-06-03, 2284057, 1.13, 2587659, 4871716
2019-06-04, 2245495, 0.96, 2148413, 4393908
2019-06-05, 2209070, 0.99, 2179809, 4388879
2019-06-06, 2190300, 0.85, 1871042, 4061342
2019-06-07, 3217489, 0.79, 2557308, 5774797
2019-06-10, 2580349, 0.78, 2023646, 4603995
2019-06-11, 2004038, 0.98, 1955658, 3959696
2019-06-12, 1813452, 1.00, 1804643, 3618095
2019-06-13, 1826142, 0.90, 1636463, 3462605
2019-06-14, 1945231, 0.97, 1877296, 3822527
2019-06-17, 1840340, 1.00, 1843463, 3683803
2019-06-18, 2784253, 0.91, 2547147, 5331400
2019-06-19, 2493318, 0.85, 2130835, 4624153
2019-06-20, 3667885, 0.76, 2797244, 6465129
2019-06-21, 2950738, 0.76, 2254708, 5205446
2019-06-24, 2094292, 0.77, 1603717, 3698009
2019-06-25, 2146472, 0.98, 2111842, 4258314
2019-06-26, 1937041, 0.91, 1764877, 3701918
2019-06-27, 1794076, 0.89, 1595318, 3389394
2019-06-28, 2388740, 0.86, 2056509, 4445249
2019-07-01, 2679013, 0.88, 2368429, 5047442
2019-07-02, 2073651, 0.89, 1836880, 3910531
2019-07-03, 1788490, 0.77, 1383938, 3172428
2019-07-05, 2126251, 0.90, 1917734, 4043985
2019-07-08, 2039429, 0.94, 1922977, 3962406
2019-07-09, 1735177, 0.94, 1630169, 3365346
2019-07-10, 2352559, 0.87, 2046266, 4398825
2019-07-11, 2043994, 0.88, 1794107, 3838101
2019-07-12, 2329296, 0.90, 2101403, 4430699
2019-07-15, 1824237, 0.96, 1751567, 3575804
2019-07-16, 2472095, 0.90, 2220105, 4692200
2019-07-17, 2015575, 0.99, 2003742, 4019317
2019-07-18, 2258056, 0.94, 2121797, 4379853
2019-07-19, 2501337, 1.09, 2727461, 5228798
2019-07-22, 1716980, 0.99, 1695176, 3412156
2019-07-23, 2218895, 0.75, 1658507, 3877402
2019-07-24, 2613468, 0.73, 1911194, 4524662
2019-07-25, 2190570, 0.77, 1680635, 3871205
2019-07-26, 2415262, 0.81, 1945079, 4360341
2019-07-29, 1888571, 0.81, 1523177, 3411748
2019-07-30, 1739297, 1.03, 1794940, 3534237
2019-07-31, 2615537, 0.99, 2577854, 5193391
2019-08-01, 3265561, 1.06, 3469468, 6735029
2019-08-02, 3177296, 1.13, 3575759, 6753055
2019-08-05, 3744415, 1.24, 4641142, 8385557
2019-08-06, 2496698, 1.10, 2749745, 5246443
2019-08-07, 2368034, 1.26, 2971926, 5339960
2019-08-08, 2310167, 1.05, 2426667, 4736834
2019-08-09, 2213786, 0.99, 2199891, 4413677
2019-08-12, 2022342, 1.16, 2346590, 4368932
2019-08-13, 2389166, 0.93, 2222536, 4611702
2019-08-14, 2990422, 1.27, 3808103, 6798525
2019-08-15, 2523897, 1.17, 2959305, 5483202
2019-08-16, 2691815, 1.10, 2963940, 5655755
2019-08-19, 2342839, 0.94, 2197016, 4539855
2019-08-20, 2018226, 0.84, 1698350, 3716576
2019-08-21, 2109927, 1.28, 2699996, 4809923
2019-08-22, 1831994, 0.93, 1702071, 3534065
2019-08-23, 2773561, 1.19, 3287713, 6061274
2019-08-26, 1848184, 1.09, 2007329, 3855513
2019-08-27, 2034335, 0.95, 1938185, 3972520
2019-08-28, 1938944, 1.18, 2292386, 4231330
2019-08-29, 2189941, 1.01, 2209941, 4399882
2019-08-30, 1828463, 1.25, 2283447, 4111910
2019-09-03, 1786081, 1.11, 1981261, 3767342
2019-09-04, 2028337, 1.00, 2027872, 4056209
2019-09-05, 2861825, 0.82, 2356789, 5218614
2019-09-06, 2290261, 0.92, 2111010, 4401271
2019-09-09, 2339451, 0.98, 2296322, 4635773
2019-09-10, 2303690, 0.84, 1932614, 4236304
2019-09-11, 2834988, 0.78, 2198442, 5033430
2019-09-12, 2681932, 0.84, 2258307, 4940239
2019-09-13, 2661802, 0.92, 2450627, 5112429
2019-09-16, 2053129, 1.19, 2452665, 4505794
2019-09-17, 2437446, 0.83, 2027344, 4464790
2019-09-18, 2813937, 1.03, 2897934, 5711871
2019-09-19, 2393953, 1.12, 2670642, 5064595
2019-09-20, 2544940, 1.05, 2684381, 5229321
2019-09-23, 1904221, 1.03, 1962814, 3867035
2019-09-24, 2621706, 1.15, 3013518, 5635224
2019-09-25, 2072964, 1.05, 2175622, 4248586
2019-09-26, 1675010, 1.04, 1747719, 3422729
2019-09-27, 2804773, 1.06, 2967872, 5772645
2019-09-30, 1554467, 1.17, 1812353, 3366820
2019-10-01, 2031626, 1.09, 2215232, 4246858
2019-10-02, 2830814, 1.27, 3591241, 6422055
2019-10-03, 2097645, 1.37, 2882751, 4980396
2019-10-04, 2175006, 1.05, 2289715, 4464721
2019-10-07,1456874,1.05,1534921,2991795
2019-10-08,2024459,1.01,2042975,4067434
2019-10-09,1485876,1.03,1528717,3014593
2019-10-10,1793569,0.99,1784523,3578092
2019-10-11,3146912,0.94,2954207,6101119
2019-10-14,1719061,1.15,1982125,3701186
2019-10-15,2404579,1.01,2430997,4835576
2019-10-16,2197093,0.92,2010830,4207923
2019-10-17,2212160,0.91,2010796,4222956
2019-10-18,2393394,1.14,2726507,5119901
2019-10-21,1874419,0.94,1752638,3627057
2019-10-22,1830373,0.95,1745667,3576040
2019-10-23,1855272,0.87,1605345,3460617
2019-10-24,2079538,0.78,1614734,3694272
2019-10-25,2459422,0.82,2027933,4487355
2019-10-28,2120174,0.79,1672719,3792893
2019-10-29,2116830,0.85,1789135,3905965
2019-10-30,2360840,0.97,2292241,4653081
2019-10-31,2506758,1.16,2904060,5410818
2019-11-01,2907311,0.74,2144200,5051511
2019-11-04,3367065,0.65,2183769,5550834
2019-11-05,2293813,0.85,1960547,4254360
2019-11-06,2111640,0.93,1968039,4079679
2019-11-07,2964545,0.66,1957857,4922402
2019-11-08,2209608,0.94,2071254,4280862
2019-11-11,1872489,0.91,1697766,3570255
2019-11-12,2239910,0.88,1973569,4213479
2019-11-13,2108495,1.0,2109083,4217578
2019-11-14,2378203,0.92,2198900,4577103
2019-11-15,3173529,0.84,2664666,5838195
2019-11-18,2474914,0.84,2069328,4544242
2019-11-19,2073734,1.08,2231330,4305064
2019-11-20,2472733,1.0,2472522,4945255
2019-11-21,1717349,1.21,2081338,3798687
2019-11-22,2006140,0.96,1917112,3923252
2019-11-25,2168997,0.94,2043711,4212708
2019-11-26,1943828,1.05,2031752,3975580
2019-11-27,2148686,0.94,2027870,4176556
2019-11-29,1227956,0.96,1182411,2410367
2019-12-02,2451302,0.99,2416259,4867561
2019-12-03,2224134,1.13,2502157,4726291
2019-12-04,1811749,0.98,1767740,3579489
2019-12-05,1395287,1.08,1513342,2908629
2019-12-06,2512997,0.88,2208461,4721458
2019-12-09,1889868,1.02,1933135,3823003
2019-12-10,1794181,0.98,1754761,3548942
2019-12-11,2152740,0.98,2101299,4254039
2019-12-12,3312635,0.72,2370809,5683444
2019-12-13,2980348,1.1,3274905,6255253
2019-12-16,3331330,0.87,2889222,6220552
2019-12-17,2736829,0.63,1736425,4473254
2019-12-18,2346720,1.06,2492299,4839019
2019-12-19,2830902,0.78,2217432,5048334
2019-12-20,3294760,0.79,2607601,5902361
2019-12-23,2119968,0.8,1688761,3808729
2019-12-24,999960,0.8,801458,1801418
2019-12-26,1806265,0.79,1422695,3228960
2019-12-27,2304017,0.87,1998438,4302455
2019-12-30,2072906,0.9,1865914,3938820
2019-12-31,1920266,0.96,1835081,3755347
2020-01-02,2489657,0.83,2076903,4566560
2020-01-03,2724124,0.85,2320609,5044733
2020-01-06,2322154,0.83,1920922,4243076
2020-01-07,2253162,0.83,1874087,4127249
2020-01-08,3062921,0.76,2332557,5395478
2020-01-09,3193445,0.66,2099569,5293014
2020-01-10,2999755,0.86,2593642,5593397
2020-01-13,2909182,0.76,2214071,5123253
2020-01-14,2694541,0.76,2049092,4743633
2020-01-15,2940400,0.75,2191944,5132344
2020-01-16,3362348,0.71,2403188,5765536
2020-01-17,4126341,0.66,2725376,6851717
2020-01-21,2747608,0.83,2276073,5023681
2020-01-22,2977011,0.82,2439964,5416975
2020-01-23,2651871,0.76,2027665,4679536
2020-01-24,3323862,1.1,3667082,6990944
2020-01-27,2952841,1.01,2972306,5925147
2020-01-28,2456128,0.8,1957067,4413195
2020-01-29,2599868,0.83,2167168,4767036
2020-01-30,2562472,0.86,2206570,4769042
2020-01-31,3770271,1.07,4025707,7795978
2020-02-03,2913627,0.72,2098863,5012490
2020-02-04,2907506,0.82,2392886,5300392
2020-02-05,3008422,0.94,2829725,5838147
2020-02-06,3017865,0.71,2138322,5156187
2020-02-07,2737318,0.95,2604429,5341747
2020-02-10,2504831,0.84,2094032,4598863
2020-02-11,3217512,0.72,2322892,5540404
2020-02-12,3236890,0.7,2272198,5509088
2020-02-13,2645172,0.8,2116312,4761484
2020-02-14,2808718,0.83,2333789,5142507
2020-02-18,3334848,0.78,2604381,5939229
2020-02-19,3025910,0.81,2456517,5482427
2020-02-20,3276778,0.84,2762421,6039199
2020-02-21,3117703,1.15,3582465,6700168
2020-02-24,4420289,1.09,4830164,9250453
2020-02-25,4059385,1.31,5311204,9370589
2020-02-26,3307484,1.23,4058825,7366309
2020-02-27,4082621,1.31,5332358,9414979
2020-02-28,4421620,1.27,5630270,10051890
2020-03-02,3041390,1.29,3911421,6952811
2020-03-03,3776836,0.8,3018461,6795297
2020-03-04,2899504,1.25,3638704,6538208
2020-03-05,3608907,0.88,3159294,6768201
2020-03-06,4373771,1.18,5158320,9532091
2020-03-09,2977650,1.83,5446851,8424501
2020-03-10,3088424,1.19,3670541,6758965
2020-03-11,3133495,1.36,4253234,7386729
2020-03-12,3781589,1.46,5506916,9288505
2020-03-13,4086565,1.27,5209749,9296314
2020-03-16,2933865,1.28,3751361,6685226
2020-03-17,3332360,1.01,3381433,6713793
2020-03-18,3087377,1.33,4120286,7207663
2020-03-19,2729926,1.12,3045043,5774969
2020-03-20,2820379,1.23,3460418,6280797
2020-03-23,2799891,1.09,3038055,5837946
2020-03-24,3194702,0.88,2824119,6018821
2020-03-25,3102706,0.95,2949215,6051921
2020-03-26,2780604,0.97,2703289,5483893
2020-03-27,2594627,1.07,2771738,5366365
2020-03-30,2219519,1.07,2383060,4602579
2020-03-31,2324304,1.14,2647356,4971660
2020-04-01,2273980,1.19,2707125,4981105
2020-04-02,2016964,1.21,2440960,4457924
2020-04-03,2570971,1.08,2787754,5358725
2020-04-06,2839558,0.97,2752265,5591823
2020-04-07,2863150,0.95,2729147,5592297
2020-04-08,2413012,1.0,2405331,4818343
2020-04-09,3242059,0.98,3181499,6423558
2020-04-13,2222994,0.91,2031334,4254328
2020-04-14,2765161,0.99,2740867,5506028
2020-04-15,2576475,0.99,2550706,5127181
2020-04-16,2538955,0.91,2300118,4839073
2020-04-17,2943229,0.92,2695903,5639132
2020-04-20,2412160,0.93,2239970,4652130
2020-04-21,2180391,1.09,2366437,4546828
2020-04-22,2199947,0.91,1994791,4194738
2020-04-23,2359829,0.87,2052960,4412789
2020-04-24,2419487,1.02,2473973,4893460
2020-04-27,2317304,1.05,2431116,4748420
2020-04-28,2142987,0.96,2060110,4203097
2020-04-29,2925326,1.02,2997589,5922915
2020-04-30,2566714,0.96,2476718,5043432
2020-05-01,2648181,1.18,3115328,5763509
2020-05-04,2047026,0.97,1978318,4025344
2020-05-05,2233992,0.89,1992764,4226756
2020-05-06,2180231,0.85,1844203,4024434
2020-05-07,2416761,0.83,1995387,4412148
2020-05-08,2879914,0.86,2484385,5364299
2020-05-11,2431545,0.86,2081833,4513378
2020-05-12,2651184,0.88,2327416,4978600
2020-05-13,3142430,1.17,3674455,6816885
2020-05-14,2720021,0.96,2599728,5319749
2020-05-15,3273088,0.8,2627348,5900436
2020-05-18,3376638,0.72,2423439,5800077
2020-05-19,2771571,0.72,1982605,4754176
2020-05-20,2775599,0.81,2257987,5033586
2020-05-21,2185404,0.84,1844183,4029587
2020-05-22,2450940,0.82,2020977,4471917
2020-05-26,3013256,0.81,2430376,5443632
2020-05-27,2980203,0.86,2550779,5530982
2020-05-28,2729604,0.85,2331564,5061168
2020-05-29,2806628,0.92,2573539,5380167
2020-06-01,2194623,0.83,1826340,4020963
2020-06-02,2535805,0.79,2010139,4545944
2020-06-03,3937166,0.69,2722484,6659650
2020-06-04,3270342,0.74,2425062,5695404
2020-06-05,5351126,0.65,3488365,8839491
2020-06-08,4071529,0.6,2440592,6512121
2020-06-09,3235650,0.7,2255356,5491006
2020-06-10,3506543,0.7,2440869,5947412
2020-06-11,4299681,1.01,4321819,8621500
2020-06-12,4029034,0.98,3953756,7982790
2020-06-15,3022527,0.88,2649655,5672182
2020-06-16,2916430,0.76,2225758,5142188
2020-06-17,2681707,0.77,2071897,4753604
2020-06-18,2178916,0.87,1903812,4082728
2020-06-19,3364095,0.91,3062596,6426691
2020-06-22,2583610,0.79,2037579,4621189
2020-06-23,2214756,0.77,1715844,3930600
2020-06-24,2662020,0.99,2642950,5304970
2020-06-25,2175340,0.89,1940678,4116018
2020-06-26,2597073,1.07,2780114,5377187
2020-06-29,2120100,0.97,2047666,4167766
2020-06-30,2667332,0.88,2346933,5014265
2020-07-01,2290121,0.83,1911664,4201785
2020-07-02,2598275,0.87,2259939,4858214
2020-07-06,2561797,0.73,1864316,4426113
2020-07-07,2106563,0.83,1743706,3850269
2020-07-08,2430024,0.76,1856055,4286079
2020-07-09,2537165,0.77,1961890,4499055
2020-07-10,2701755,0.83,2242426,4944181
2020-07-13,3387726,0.77,2606417,5994143
2020-07-14,2490189,0.85,2110539,4600728
2020-07-15,3198446,0.63,1999551,5197997
2020-07-16,2476413,0.72,1792194,4268607
2020-07-17,3210165,0.74,2362729,5572894
2020-07-20,2750933,0.77,2130290,4881223
2020-07-21,2844467,0.71,2012526,4856993
2020-07-22,2445540,0.75,1834161,4279701
2020-07-23,2797917,0.78,2176436,4974353
2020-07-24,2656555,0.91,2409960,5066515
2020-07-27,2462841,0.63,1559718,4022559
2020-07-28,1977263,0.83,1639387,3616650
2020-07-29,2358115,0.73,1718235,4076350
2020-07-30,2381627,0.77,1823299,4204926
2020-07-31,3047295,0.82,2507065,5554360
2020-08-03,2933059,0.67,1963340,4896399
2020-08-04,2703894,0.74,1998381,4702275
2020-08-05,3193130,0.67,2136082,5329212
2020-08-06,3062290,0.61,1870337,4932627
2020-08-07,3355684,0.73,2447169,5802853
2020-08-10,2894087,0.67,1925553,4819640
2020-08-11,3150113,0.7,2208562,5358675
2020-08-12,2542341,0.77,1968805,4511146
2020-08-13,2518227,0.68,1715809,4234036
2020-08-14,2589881,0.78,2014333,4604214
2020-08-17,2352490,0.76,1781917,4134407
2020-08-18,2497240,0.71,1761837,4259077
2020-08-19,2755479,0.76,2082879,4838358
2020-08-20,2560101,0.75,1917493,4477594
2020-08-21,3065502,0.69,2124620,5190122
2020-08-24,2550688,0.74,1884684,4435372
2020-08-25,2481394,0.62,1538498,4019892
2020-08-26,3106973,0.65,2010524,5117497
2020-08-27,3102153,0.62,1934244,5036397
2020-08-28,2920908,0.71,2069838,4990746
2020-08-31,2693307,0.78,2097005,4790312
2020-09-01,2783566,0.62,1722490,4506056
2020-09-02,3409745,0.74,2531721,5941466
2020-09-03,3638596,0.95,3455586,7094182
2020-09-04,3418879,1.03,3520101,6938980
2020-09-08,2782953,0.88,2456078,5239031
2020-09-09,2592268,0.86,2238260,4830528
2020-09-10,2494347,0.81,2031181,4525528
2020-09-11,2793313,1.0,2805700,5599013
2020-09-14,2523444,0.83,2083304,4606748
2020-09-15,2501021,0.69,1723260,4224281
2020-09-16,2670333,0.81,2155753,4826086
2020-09-17,2522410,0.96,2411100,4933510
2020-09-18,3102839,0.94,2910434,6013273
2020-09-21,2775177,0.94,2616183,5391360
2020-09-22,2044119,0.87,1769918,3814037
2020-09-23,2714294,0.89,2417817,5132111
2020-09-24,2149790,1.0,2150519,4300309
2020-09-25,2497183,0.88,2202347,4699530
2020-09-28,2165028,0.77,1675779,3840807
2020-09-29,1877697,0.8,1493245,3370942
2020-09-30,2650280,0.83,2186739,4837019
2020-10-01,2422910,0.78,1900731,4323641
2020-10-02,2542676,0.9,2285803,4828479
2020-10-05,2344289,0.79,1841579,4185868
2020-10-06,2572789,0.84,2170085,4742874
2020-10-07,2319575,0.76,1770101,4089676
2020-10-08,2428558,0.8,1936445,4365003
2020-10-09,3154857,0.85,2695728,5850585
2020-10-12,3236278,0.66,2126123,5362401
2020-10-13,2469013,0.75,1859807,4328820
2020-10-14,2792313,0.71,1993834,4786147
2020-10-15,2750656,0.75,2072612,4823268
2020-10-16,3118925,0.85,2655494,5774419
2020-10-19,2714875,0.78,2127713,4842588
2020-10-20,2250402,0.82,1842700,4093102
2020-10-21,2367120,0.87,2059643,4426763
2020-10-22,2344623,0.8,1872323,4216946
2020-10-23,2382637,0.84,1998342,4380979
2020-10-26,2518657,1.11,2789755,5308412
2020-10-27,2028294,0.8,1613654,3641948
2020-10-28,2977205,1.11,3305980,6283185
2020-10-29,2682818,0.9,2423433,5106251
2020-10-30,3235673,1.03,3343702,6579375
2020-11-02,2359445,0.98,2321860,4681305
2020-11-03,2501450,1.03,2584992,5086442
2020-11-04,3042313,0.98,2971591,6013904
2020-11-05,3056481,0.8,2457017,5513498
2020-11-06,3137694,0.85,2676367,5814061
2020-11-09,4519381,0.74,3340961,7860342
2020-11-10,2921745,0.85,2472802,5394547
2020-11-11,2479689,1.02,2519271,4998960
2020-11-12,2615776,0.93,2439980,5055756
2020-11-13,3156163,0.81,2544295,5700458
2020-11-16,3414869,0.73,2492127,5906996
2020-11-17,2886262,0.87,2496881,5383143
2020-11-18,3350563,0.73,2442548,5793111
2020-11-19,3072196,0.76,2323890,5396086
2020-11-20,3422182,0.71,2415066,5837248
2020-11-23,3607193,0.65,2327469,5934662
2020-11-24,3771784,0.64,2415092,6186876
2020-11-25,2850493,0.72,2039090,4889583
2020-11-27,2220989,0.74,1632600,3853589
2020-11-30,3200247,0.8,2554065,5754312
2020-12-01,3462114,0.65,2239004,5701118
2020-12-02,3160501,0.68,2144152,5304653
2020-12-03,3113516,0.65,2019415,5132931
2020-12-04,3557377,0.68,2416036,5973413
2020-12-07,3076974,0.65,2004513,5081487
2020-12-08,2822794,0.65,1848479,4671273
2020-12-09,3387087,0.84,2836861,6223948
2020-12-10,2662262,0.7,1875650,4537912
2020-12-11,3124687,0.97,3023481,6148168
2020-12-14,3122380,0.81,2528790,5651170
2020-12-15,2908909,0.91,2651088,5559997
2020-12-16,2762084,0.77,2128762,4890846
2020-12-17,2986293,0.69,2070989,5057282
2020-12-18,3644829,0.75,2727372,6372201
2020-12-21,3329987,0.76,2530669,5860656
2020-12-22,2819159,0.6,1688098,4507257
2020-12-23,2726210,0.78,2124096,4850306
2020-12-24,1671871,0.8,1344077,3015948
2020-12-28,2765205,0.72,1978975,4744180
2020-12-29,2519060,0.78,1969834,4488894
2020-12-30,2345514,0.81,1902066,4247580
2020-12-31,3109073,0.86,2665133,5774206
2021-01-04,3682096,0.86,3182654,6864750
2021-01-05,3206371,0.73,2343556,5549927
2021-01-06,4374985,0.78,3414197,7789182
2021-01-07,3510380,0.68,2375903,5886283
2021-01-08,4194651,0.73,3069743,7264394
2021-01-11,3300290,0.79,2605917,5906207
2021-01-12,3390635,0.69,2349917,5740552
2021-01-13,3717820,0.85,3145358,6863178
2021-01-14,4227871,0.66,2786403,7014274
2021-01-15,4416093,0.8,3552629,7968722
2021-01-19,3757762,0.69,2579153,6336915
2021-01-20,3962292,0.71,2821203,6783495
2021-01-21,3363699,0.74,2500491,5864190
2021-01-22,3870675,0.63,2446151,6316826
2021-01-25,4215516,0.72,3051553,7267069
2021-01-26,3112421,0.71,2221363,5333784
2021-01-27,5102011,0.73,3723903,8825914
2021-01-28,4222565,0.75,3151752,7374317
2021-01-29,4207511,0.93,3911309,8118820
2021-02-01,3862844,0.77,2973781,6836625
2021-02-02,3562583,0.78,2768004,6330587
2021-02-03,3258887,0.85,2773476,6032363
2021-02-04,3391815,0.73,2487260,5879075
2021-02-05,3697438,0.75,2782080,6479518
2021-02-08,3560677,0.69,2459423,6020100
2021-02-09,3591324,0.67,2398216,5989540
2021-02-10,3574883,0.75,2698616,6273499
2021-02-11,3690726,0.74,2733375,6424101
2021-02-12,4005090,0.82,3275628,7280718
2021-02-16,4089463,0.77,3168996,7258459
2021-02-17,3852365,0.71,2745524,6597889
2021-02-18,3230663,0.82,2655588,5886251
2021-02-19,4296571,0.75,3202063,7498634
2021-02-22,3882303,0.66,2560016,6442319
2021-02-23,3637677,0.76,2760344,6398021
2021-02-24,3776156,0.7,2625903,6402059
2021-02-25,3967022,0.8,3192445,7159467
2021-02-26,3925165,0.92,3626302,7551467
2021-03-01,3097633,0.97,2990243,6087876
2021-03-02,2606155,0.77,2006743,4612898
2021-03-03,3208784,0.83,2660637,5869421
2021-03-04,4096407,0.89,3652745,7749152
2021-03-05,3858630,0.95,3678221,7536851
2021-03-08,3112151,0.79,2453147,5565298
2021-03-09,2837696,0.92,2622901,5460597
2021-03-10,3102932,0.72,2235369,5338301
2021-03-11,3297112,0.74,2423593,5720705
2021-03-12,3330427,0.77,2568559,5898986
2021-03-15,3416891,0.75,2575973,5992864
2021-03-16,3036281,0.89,2717121,5753402
2021-03-17,3087727,0.73,2262377,5350104
2021-03-18,3278445,0.75,2450172,5728617
2021-03-19,3417614,0.82,2817026,6234640
2021-03-22,2847842,0.72,2056791,4904633
2021-03-23,2805778,0.81,2285897,5091675
2021-03-24,3087163,0.89,2745011,5832174
2021-03-25,3272002,0.88,2870729,6142731
2021-03-26,3645646,0.89,3233570,6879216
2021-03-29,2920163,0.85,2483321,5403484
2021-03-30,2533935,0.77,1953076,4487011
2021-03-31,3491988,0.74,2599332,6091320
2021-04-01,3708482,0.72,2665873,6374355
2021-04-05,3734529,0.69,2584350,6318879
2021-04-06,2850680,0.67,1907680,4758360
2021-04-07,2780476,0.8,2219571,5000047
2021-04-08,3081781,0.72,2220773,5302554
2021-04-09,3375721,0.75,2546976,5922697
2021-04-12,2908465,0.73,2125608,5034073
2021-04-13,3068390,0.69,2112122,5180512
2021-04-14,3207832,0.78,2505501,5713333
2021-04-15,3258939,0.76,2487986,5746925
2021-04-16,3743712,0.77,2866828,6610540
2021-04-19,2988276,0.84,2512450,5500726
2021-04-20,3030104,0.79,2408677,5438781
2021-04-21,2777118,0.71,1977942,4755060
2021-04-22,2940246,0.79,2337231,5277477
2021-04-23,3163082,0.8,2524243,5687325
2021-04-26,2670769,0.65,1746053,4416822
2021-04-27,2278200,0.7,1589172,3867372
2021-04-28,2577772,0.81,2082719,4660491
2021-04-29,2967602,0.71,2101754,5069356
2021-04-30,2657547,0.95,2534494,5192041
2021-05-03,2568017,0.75,1931113,4499130
2021-05-04,2922433,0.86,2511582,5434015
2021-05-05,2444214,0.88,2150455,4594669
2021-05-06,2623102,0.87,2294936,4918038
2021-05-07,3273546,0.86,2805639,6079185
2021-05-10,3072663,0.9,2778333,5850996
2021-05-11,3152264,0.99,3107229,6259493
2021-05-12,3744322,0.98,3660033,7404355
2021-05-13,2855471,1.0,2862963,5718434
2021-05-14,3404115,0.9,3063867,6467982
2021-05-17,2647420,0.92,2435064,5082484
2021-05-18,2606508,0.85,2209779,4816287
2021-05-19,2903687,1.07,3113736,6017423
2021-05-20,2794432,0.84,2333735,5128167
2021-05-21,3289311,0.85,2786446,6075757
2021-05-24,3015797,0.76,2297038,5312835
2021-05-25,2361630,0.82,1941400,4303030
2021-05-26,2933546,0.76,2215315,5148861
2021-05-27,3188857,0.71,2267072,5455929
2021-05-28,3505641,0.73,2571891,6077532
2021-06-01,3234149,0.66,2144304,5378453
2021-06-02,3209038,0.69,2221416,5430454
2021-06-03,3320555,0.67,2231787,5552342
2021-06-04,3537566,0.84,2987016,6524582
2021-06-07,2876895,0.68,1967865,4844760
2021-06-08,3053929,0.65,1988447,5042376
2021-06-09,3308839,0.65,2157850,5466689
2021-06-10,3296426,0.78,2577512,5873938
2021-06-11,3551090,0.85,3006188,6557278
2021-06-14,3449678,0.71,2460194,5909872
2021-06-15,2844368,0.71,2024013,4868381
2021-06-16,3048773,0.97,2952958,6001731
2021-06-17,3662821,0.84,3086086,6748907
2021-06-18,4227949,0.9,3817544,8045493
2021-06-21,3314990,0.8,2636924,5951914
2021-06-22,2756993,0.78,2152952,4909945
2021-06-23,3109746,0.7,2164049,5273795
2021-06-24,3384958,0.68,2308357,5693315
2021-06-25,3655467,0.74,2695381,6350848
2021-06-28,3213925,0.76,2426886,5640811
2021-06-29,2909789,0.66,1916060,4825849
2021-06-30,3233488,0.74,2402718,5636206
2021-07-01,3584648,0.65,2343845,5928493
2021-07-02,3639390,0.78,2846041,6485431
2021-07-06,3587137,0.89,3187044,6774181
2021-07-07,3182829,0.83,2655997,5838826
2021-07-08,3183787,0.86,2729592,5913379
2021-07-09,3342216,0.87,2896480,6238696
2021-07-12,2852547,0.88,2502410,5354957
2021-07-13,3035618,0.81,2470317,5505935
2021-07-14,3385957,0.81,2738765,6124722
2021-07-15,3218977,0.89,2880354,6099331
2021-07-16,3794487,0.98,3724583,7519070
2021-07-19,4478746,0.98,4379920,8858666
2021-07-20,3106713,0.78,2410294,5517007
2021-07-21,2643343,0.86,2275340,4918683
2021-07-22,2133943,0.87,1846165,3980108
2021-07-23,3231330,0.88,2848186,6079516
2021-07-26,2481085,0.86,2135332,4616417
2021-07-27,2312936,1.0,2309292,4622228
2021-07-28,2566075,0.8,2043528,4609603
2021-07-29,3052996,0.67,2049829,5102825
2021-07-30,3693450,0.83,3060593,6754043
2021-08-02,2691366,0.89,2406164,5097530
2021-08-03,2641497,0.76,2018366,4659863
2021-08-04,2582289,0.84,2164567,4746856
2021-08-05,2519792,0.82,2066188,4585980
2021-08-06,3008063,0.95,2843001,5851064
2021-08-09,2717720,0.86,2336942,5054662
2021-08-10,2651666,0.72,1920097,4571763
2021-08-12,2852830,0.88,2521442,5374272
2021-08-13,2986071,0.93,2789457,5775528
2021-08-16,3165258,0.87,2756380,5921638
2021-08-17,3333546,0.92,3054778,6388324
2021-08-18,3221091,0.91,2918036,6139127
2021-08-19,3441593,1.04,3563114,7004707
2021-08-20,3428996,0.91,3111873,6540869
2021-08-23,3374755,0.78,2632296,6007051
2021-08-24,2835521,0.69,1950980,4786501
2021-08-25,2761194,0.8,2201416,4962610
2021-08-26,3071066,0.86,2642701,5713767
2021-08-27,3285908,0.88,2880452,6166360
2021-08-30,3248185,0.77,2507525,5755710
2021-08-31,2559854,0.89,2269912,4829766
2021-09-01,3075767,0.81,2494599,5570366
2021-09-02,3059125,0.68,2077757,5136882
2021-09-03,3045844,0.89,2701638,5747482
2021-09-07,3073537,0.87,2681244,5754781
2021-09-08,3148116,0.86,2708582,5856698
2021-09-09,2908799,0.82,2371460,5280259
2021-09-10,3628519,0.99,3584149,7212668
2021-09-13,3665396,0.91,3342532,7007928
2021-09-14,3255757,0.9,2930470,6186227
2021-09-15,3558533,0.85,3031638,6590171
2021-09-16,2906804,0.84,2450635,5357439
2021-09-17,4095752,0.92,3772461,7868213
2021-09-20,4201777,1.08,4530018,8731795
2021-09-21,2766489,0.89,2449066,5215555
2021-09-22,2937434,0.98,2865626,5803060
2021-09-23,3544535,0.79,2795252,6339787
2021-09-24,2945032,1.0,2945080,5890112
2021-09-27,3015443,0.82,2458823,5474266
2021-09-28,3218056,1.08,3480280,6698336
2021-09-29,2865825,0.93,2675793,5541618
2021-09-30,3307446,1.07,3549022,6856468
2021-10-01,3599742,0.94,3366095,6965837
2021-10-04,3107322,0.97,3026483,6133805
2021-10-05,2733839,0.86,2341481,5075320
2021-10-06,3222831,0.99,3205642,6428473
2021-10-07,2951652,0.95,2810348,5762000
2021-10-08,2955262,1.04,3063617,6018879
2021-10-11,2760033,0.97,2683868,5443901
2021-10-12,2620863,0.8,2099011,4719874
2021-10-13,3036362,0.89,2715149,5751511
2021-10-14,3491045,0.83,2910609,6401654
2021-10-15,4269813,0.86,3683187,7953000
2021-10-18,3684235,0.76,2804539,6488774
2021-10-19,3535022,0.76,2684519,6219541
2021-10-20,3389785,0.78,2634432,6024217
2021-10-21,2865471,0.74,2132489,4997960
2021-10-22,3575434,0.83,2979190,6554624
2021-10-25,3353272,0.71,2388187,5741459
2021-10-26,3565787,0.83,2964587,6530374
2021-10-27,3283218,0.85,2804191,6087409
2021-10-28,3257351,0.66,2158438,5415789
2021-10-29,3810023,0.87,3301581,7111604
2021-11-01,3480844,0.76,2652211,6133055
2021-11-02,3116160,0.71,2216732,5332892
2021-11-03,3848329,0.69,2661016,6509345
2021-11-04,4373490,0.69,3001748,7375238
2021-11-05,4942025,0.78,3837842,8779867
2021-11-08,3863375,0.66,2559707,6423082
2021-11-09,3426782,0.73,2516639,5943421
2021-11-10,3833102,0.87,3329858,7162960
2021-11-11,2881679,0.73,2115218,4996897
2021-11-12,4085806,0.75,3060696,7146502
2021-11-15,3338486,0.78,2619735,5958221
2021-11-16,3301077,0.79,2603111,5904188
2021-11-17,3401366,0.8,2711969,6113335
2021-11-18,3981689,0.7,2767526,6749215
2021-11-19,4648861,0.76,3546218,8195079
2021-11-22,4402175,0.77,3401098,7803273
2021-11-23,3386582,0.84,2833817,6220399
2021-11-24,2997855,0.9,2699559,5697414
2021-11-26,3724103,0.92,3415312,7139415
2021-11-29,3570187,0.87,3119033,6689220
2021-11-30,3999621,0.94,3756239,7755860
2021-12-01,4181956,0.99,4134656,8316612
2021-12-02,3059421,1.08,3318319,6377740
2021-12-03,4373547,1.15,5022231,9395778
2021-12-06,3360275,1.01,3406913,6767188
2021-12-07,3407123,0.95,3226652,6633775
2021-12-08,2983863,0.88,2640005,5623868
2021-12-09,2735920,0.91,2477019,5212939
2021-12-10,3107427,1.08,3343485,6450912
2021-12-13,2899718,0.98,2835004,5734722
2021-12-14,2676584,0.97,2596354,5272938
2021-12-15,3320113,0.92,3066740,6386853
2021-12-16,3457172,0.86,2960354,6417526
2021-12-17,3917044,0.87,3402106,7319150
2021-12-20,3445029,0.85,2911883,6356912
2021-12-21,3329846,0.87,2904050,6233896
2021-12-22,3056639,0.82,2500534,5557173
2021-12-23,3445239,0.79,2738027,6183266
2021-12-27,3175904,0.79,2502320,5678224
2021-12-28,2802598,0.73,2047646,4850244
2021-12-29,2532652,0.92,2331989,4864641
2021-12-30,2918548,0.83,2435293,5353841
2021-12-31,3288021,0.81,2651121,5939142
2022-01-03,3278340,0.76,2491539,5769879
2022-01-04,3039708,0.8,2426611,5466319
2022-01-05,3364418,1.05,3524453,6888871
2022-01-06,2756291,0.97,2668750,5425041
2022-01-07,3039551,0.95,2882210,5921761
2022-01-10,3356592,1.0,3362661,6719253
2022-01-11,2872274,0.76,2194512,5066786
2022-01-12,3119836,0.83,2586209,5706045
2022-01-13,2885189,0.96,2776912,5662101
2022-01-14,3027317,1.09,3291764,6319081
2022-01-18,3471703,1.0,3461250,6932953
2022-01-19,3397111,0.91,3106440,6503551
2022-01-20,3485820,0.99,3461849,6947669
2022-01-21,4619679,1.26,5835060,10454739
2022-01-24,4889782,1.17,5726610,10616392
2022-01-25,3501516,0.89,3104235,6605751
2022-01-26,3660524,1.0,3668840,7329364
2022-01-27,3054959,1.06,3252356,6307315
2022-01-28,3881007,1.03,3997351,7878358
2022-01-31,3291780,1.06,3479073,6770853
2022-02-01,2754570,0.95,2607552,5362122
2022-02-02,3036835,0.99,2991858,6028693
2022-02-03,2599817,1.09,2845982,5445799
2022-02-04,3274837,0.95,3108617,6383454
2022-02-07,2760270,0.93,2571231,5331501
2022-02-08,2539303,0.99,2515572,5054875
